0.22363066673278809,50.0
0.4647786617279053,50.0
0.7048845291137695,50.0
0.944089412689209,50.0
1.182621955871582,50.0
1.4208314418792725,50.0
1.6601872444152832,50.0
1.8985438346862793,50.6
2.1219701766967773,50.6
2.344806671142578,50.6
2.567739725112915,50.6
2.805583953857422,50.6
3.045483112335205,50.6
3.2683191299438477,50.6
3.4912567138671875,51.1
3.713589906692505,48.3
3.9520201683044434,50.6
4.190518140792847,50.6
4.413958787918091,51.1
4.636558771133423,48.3
4.859958648681641,51.1
5.098397731781006,47.8
5.338088512420654,50.6
5.578293800354004,50.6
5.819671154022217,50.6
6.043541193008423,51.1
6.267538547515869,48.3
6.490861654281616,51.1
6.730575323104858,48.3
6.9704062938690186,50.6
7.194263935089111,51.1
7.4173057079315186,48.3
7.6408679485321045,51.1
7.878827333450317,48.3
8.11789870262146,50.6
8.356948852539062,50.6
8.595840692520142,50.6
8.819072008132935,51.1
9.042381286621094,48.3
9.264946937561035,51.1
9.503243684768677,48.3
9.741444826126099,50.6
9.964779138565063,51.1
10.187212944030762,48.3
10.410313367843628,51.1
10.648182153701782,47.8
10.887605428695679,51.1
11.110453367233276,48.3
11.333214044570923,51.1
11.555732011795044,48.3
11.794810056686401,50.6
12.018854141235352,51.1
12.24281907081604,48.3
12.465484857559204,51.1
12.706941843032837,48.3
12.947431564331055,51.1
13.189195156097412,47.8
13.429908752441406,50.6
13.652963638305664,51.1
13.875537872314453,48.3
14.098548412322998,51.1
14.3373441696167,48.3
14.56020474433899,51.1
14.782706022262573,48.3
15.005785703659058,51.1
15.244348526000977,47.8
15.467761754989624,51.1
15.690328359603882,48.3
15.913360118865967,51.1
16.151301383972168,48.3
16.390266180038452,50.6
16.62954545021057,50.6
16.852703332901,51.1
17.07542657852173,48.3
17.298245668411255,51.1
17.536166191101074,48.3
17.775063514709473,50.6
17.99805450439453,51.1
18.22071647644043,48.3
18.44297432899475,51.1
18.681572914123535,48.3
18.903915643692017,51.1
19.12676191329956,48.9
19.34885001182556,51.1
19.588199853897095,48.3
19.827046632766724,50.6
20.050289392471313,51.1
20.272544145584106,48.3
20.49571943283081,51.1
20.733729124069214,48.3
20.957103729248047,51.1
21.17944312095642,48.3
21.402750253677368,51.1
21.640671014785767,48.3
21.879616260528564,50.6
22.11797070503235,50.6
22.357076406478882,51.1
22.595580339431763,48.3
22.818992376327515,51.1
23.04172682762146,48.3
23.264890432357788,51.1
23.502877950668335,48.3
23.741857290267944,50.6
23.964672803878784,51.1
24.18768572807312,48.3
24.410250186920166,51.1
24.648972272872925,48.3
24.88731288909912,51.1
25.12637495994568,48.3
25.36522674560547,50.6
25.605201959609985,51.1
25.827975749969482,48.3
26.051033973693848,51.1
26.273329734802246,48.3
26.51179051399231,50.6
26.75005602836609,51.1
26.990138053894043,48.3
27.213420391082764,51.1
27.437333583831787,48.3
27.66016173362732,51.1
27.89946746826172,48.3
28.138347625732422,50.6
28.378429174423218,51.1
28.61754298210144,48.3
28.841010808944702,51.1
29.063828706741333,48.3
29.287867784500122,51.1
29.526898622512817,48.3
29.76678156852722,50.6
29.99151062965393,51.1
30.214539527893066,48.3
30.437056064605713,51.1
30.676599979400635,48.3
30.91595983505249,50.6
31.1566321849823,50.6
31.379767894744873,51.1
31.60335421562195,48.3
31.826927185058594,51.1
32.06748414039612,48.3
32.310731649398804,51.1
32.53501009941101,48.3
32.758442640304565,51.7
32.98257541656494,48.3
33.22107434272766,50.6
33.44458889961243,51.1
33.667609214782715,48.3
33.89114570617676,51.1
34.13017678260803,48.3
34.36962080001831,50.6
34.60858225822449,50.6
34.84852313995361,50.6
35.08761763572693,51.1
35.331368923187256,48.3
35.57043385505676,51.1
35.811784744262695,48.3
36.05086588859558,51.1
36.2902569770813,48.3
36.52893686294556,50.6
36.76940631866455,51.1
37.00933623313904,48.3
37.24851393699646,51.1
37.488017559051514,47.8
37.728598833084106,51.1
37.967607259750366,48.3
38.2071647644043,51.1
38.44607615470886,48.3
38.68593382835388,51.1
38.926854848861694,48.3
39.165279150009155,51.1
39.38751721382141,48.3
39.610289573669434,51.1
39.8329131603241,48.9
40.070576906204224,50.6
40.307698488235474,51.1
40.54849553108215,48.3
40.7883038520813,51.1
41.01161289215088,48.3
41.234376192092896,51.1
41.45750546455383,48.3
41.69630718231201,51.1
41.936460971832275,48.3
42.17581844329834,50.6
42.415956020355225,50.6
42.65482544898987,51.1
42.89455437660217,48.3
43.13310933113098,51.1
43.37342405319214,48.3
43.596712589263916,51.1
43.82070255279541,48.9
44.04338335990906,51.1
44.28408336639404,48.3
44.507163286209106,51.1
44.73081159591675,48.3
44.95337772369385,51.1
45.191399574279785,48.3
45.414902448654175,51.1
45.63788866996765,48.3
45.860395431518555,51.1
46.098384380340576,48.3
46.33660674095154,51.1
46.57535243034363,48.3
46.79803776741028,51.1
47.02096176147461,48.3
47.244173765182495,51.1
47.48236036300659,48.3
47.72261834144592,50.6
47.94644284248352,51.1
48.16904425621033,48.3
48.39206552505493,51.1
48.629653215408325,47.8
48.86814856529236,50.6
49.105902910232544,51.1
49.34496521949768,48.3
49.582842111587524,50.6
49.80622625350952,51.1
50.02858018875122,48.3
50.25191521644592,51.1
50.49247741699219,48.3
50.73084592819214,51.1
50.96963143348694,48.3
51.20797324180603,50.6
51.4456992149353,51.1
51.68476152420044,48.3
51.9075984954834,51.1
52.130584716796875,48.3
52.353943824768066,51.1
52.592469453811646,48.3
52.83005499839783,51.1
53.05335354804993,48.3
53.27593207359314,51.1
53.49871063232422,48.3
53.73660063743591,50.6
53.975101470947266,50.6
54.197973012924194,51.1
54.4218852519989,48.3
54.644203186035156,51.1
54.88262414932251,48.3
55.12059998512268,50.6
55.34382653236389,51.1
55.56636714935303,48.3
55.789600133895874,51.1
56.02736759185791,48.3
56.26739263534546,51.1
56.48985266685486,48.3
56.71282911300659,51.1
56.935529470443726,48.3
57.17379426956177,51.1
57.41147470474243,48.3
57.65015125274658,50.6
57.88803768157959,50.6
58.12644910812378,51.1
58.36494445800781,48.3
58.58847904205322,51.1
58.811278104782104,48.9
59.034016847610474,51.1
59.27136015892029,48.3
59.50987482070923,51.1
59.74769163131714,47.8
59.986021280288696,51.1
60.22428750991821,48.3
60.462748527526855,50.6
60.70063281059265,51.1
60.93912172317505,48.3
61.177225828170776,51.1
61.4158034324646,48.3
61.65420436859131,50.6
61.89256143569946,51.1
62.13038110733032,48.3
62.36908769607544,51.1
62.60699963569641,48.3
62.8454487323761,50.6
63.083433628082275,51.1
63.324646949768066,48.3
63.56252074241638,51.1
63.800944089889526,48.3
64.03864979743958,51.1
64.27738618850708,48.3
64.51678895950317,50.6
64.7570366859436,51.1
64.996502161026,48.3
65.23674607276917,51.1
65.47650814056396,48.3
65.71701121330261,51.1
65.95653629302979,48.3
66.19823360443115,51.1
66.43791127204895,48.3
66.67851209640503,51.1
66.91803455352783,48.3
67.15860366821289,51.1
67.40001916885376,48.3
67.62375402450562,51.1
67.84657764434814,48.3
68.06993889808655,51.1
68.30968451499939,48.3
68.55001831054688,50.6
68.78940010070801,51.1
69.0339994430542,48.3
69.27348256111145,50.6
69.51383924484253,51.1
69.75309085845947,48.3
69.99349427223206,51.1
70.23448586463928,48.3
70.47555899620056,51.1
70.71556615829468,48.3
70.95374536514282,51.1
71.1914165019989,48.3
71.43008661270142,51.1
71.6678535938263,48.3
71.90681886672974,51.1
72.14475131034851,48.3
72.38413667678833,51.1
72.60718536376953,48.9
72.83119750022888,51.1
73.05501937866211,48.3
73.29736018180847,51.1
73.523934841156,48.9
73.74825406074524,51.1
73.97218704223633,48.3
74.2142961025238,51.1
74.45478868484497,48.3
74.67765069007874,51.1
74.9003677368164,48.3
75.12356543540955,51.1
75.36094880104065,48.3
75.59951829910278,51.1
75.84034180641174,48.3
76.07913017272949,51.1
76.31718039512634,48.3
76.56042075157166,50.6
76.79855751991272,51.1
77.02210450172424,48.9
77.24532723426819,51.1
77.46936869621277,48.3
77.70725893974304,51.1
77.93085050582886,48.3
78.15310072898865,51.1
78.37621927261353,48.3
78.61443853378296,50.6
78.85694575309753,51.1
79.09471607208252,48.3
79.33640384674072,50.6
79.57483124732971,50.6
79.7982907295227,51.1
80.02085566520691,48.9
80.24380588531494,51.1
80.48238706588745,48.3
80.70594835281372,51.1
80.92883324623108,48.9
81.15192770957947,51.1
81.38962507247925,48.3
81.62843322753906,51.1
81.87059545516968,48.3
82.09373068809509,51.1
82.31691288948059,48.9
82.54062581062317,51.1
82.77856636047363,48.3
83.00194144248962,51.1
83.22473764419556,48.9
83.44786524772644,51.1
83.68555355072021,48.3
83.92494511604309,51.1
84.16308665275574,48.3
84.40241408348083,51.1
84.6256353855133,48.3
84.85081648826599,51.1
85.07337808609009,48.3
85.31157207489014,51.1
85.550222158432,48.3
85.77351832389832,51.1
85.99692249298096,48.9
86.21993255615234,51.1
86.45778489112854,48.3
86.69640302658081,50.6
86.91958284378052,51.1
87.14269518852234,48.3
87.36524653434753,51.1
87.60385799407959,48.3
87.84503483772278,50.6
88.0836546421051,51.1
88.32410383224487,48.3
88.56472396850586,51.1
88.80606985092163,48.3
89.04811716079712,51.1
89.2895576953888,48.3
89.53185272216797,51.1
89.77310132980347,48.3
90.0192379951477,50.6
90.26055836677551,50.6
90.50258612632751,50.6
90.74395298957825,51.1
90.9860954284668,48.3
91.22718644142151,51.1
91.46699357032776,48.3
91.68969178199768,51.1
91.91377258300781,48.3
92.1364393234253,51.1
92.37983274459839,48.3
92.60245394706726,51.1
92.8254930973053,48.3
93.04791402816772,51.1
93.28564262390137,48.3
93.5258960723877,50.6
93.7649199962616,50.6
93.98739528656006,51.1
94.21036863327026,48.3
94.43273639678955,51.1
94.67115902900696,48.3
94.90893793106079,51.1
95.13214468955994,48.3
95.3573591709137,50.6
95.58040046691895,51.1
95.81768250465393,48.3
96.05687475204468,51.1
96.27964735031128,48.9
96.5034990310669,51.1
96.72601294517517,48.9
96.96503162384033,51.1
97.20297050476074,47.8
97.42637515068054,51.1
97.64921355247498,48.3
97.87231516838074,51.1
98.1104063987732,48.3
98.35193610191345,51.1
98.59072780609131,47.8
98.81381487846375,51.1
99.0375337600708,48.3
99.26061391830444,51.1
99.49812459945679,48.3
99.72142934799194,51.1
99.94389343261719,48.3
100.16777086257935,51.1
100.40590238571167,48.3
100.62951183319092,51.1
100.85232329368591,48.3
101.07629656791687,51.1
101.31442284584045,48.3
101.55283379554749,51.1
101.77608227729797,48.3
101.99984955787659,51.1
102.22226452827454,48.3
102.46056985855103,51.1
102.69853568077087,48.3
102.93795490264893,50.6
103.17566585540771,51.1
103.41483926773071,48.3
103.63787865638733,51.1
103.86083650588989,48.3
104.08411431312561,51.1
104.32249593734741,48.3
104.56046152114868,50.6
104.79928708076477,51.1
105.02462673187256,48.3
105.2477331161499,51.1
105.47139167785645,48.9
105.71182155609131,51.1
105.95159244537354,48.3
106.17555594444275,51.1
106.39869141578674,48.3
106.62181282043457,51.1
106.86239910125732,48.3
107.10014295578003,50.6
107.33813905715942,50.6
107.57725214958191,51.1
107.81747817993164,48.3
108.05755591392517,51.1
108.28119611740112,48.9
108.50460934638977,51.1
108.72724318504333,48.9
108.96819472312927,51.1
109.19178700447083,48.9
109.41486477851868,51.7
109.63863968849182,48.9
109.87785172462463,51.1
110.11737751960754,48.3
110.34147310256958,51.1
110.56370282173157,48.9
110.78637862205505,51.1
111.0264184474945,48.3
111.26665019989014,51.1
111.50469303131104,48.3
111.74633955955505,51.1
111.98474764823914,48.3
112.20773959159851,51.1
112.43080592155457,48.9
112.65330576896667,51.1
112.89078831672668,48.3
113.12967014312744,51.1
113.36829876899719,48.3
113.60703301429749,51.1
113.84624814987183,47.8
114.08783841133118,51.1
114.32723474502563,48.3
114.56766629219055,51.1
114.80751895904541,48.3
115.04874634742737,50.6
115.2889301776886,51.1
115.53215527534485,48.3
115.7727222442627,51.1
116.01347398757935,48.3
116.25306987762451,51.1
116.49254989624023,48.3
116.73357033729553,50.6
116.97308135032654,50.6
117.21062088012695,51.1
117.44897747039795,48.3
117.68686771392822,50.6
117.92467021942139,51.1
118.16251492500305,48.3
118.39994168281555,51.1
118.63779783248901,48.3
118.87630319595337,51.1
119.11464285850525,48.3
119.35232639312744,51.1
119.59107756614685,48.3
119.82890677452087,51.1
120.06705904006958,48.3
120.3056845664978,50.6
120.54372572898865,50.6
120.78161144256592,51.1
121.0203070640564,48.3
121.25799179077148,51.1
121.49712109565735,48.3
121.73577046394348,51.1
121.97287344932556,48.3
122.20984220504761,51.1
122.44900178909302,48.3
122.67134404182434,51.7
122.89331603050232,48.9
123.11642837524414,51.7
123.35402011871338,48.3
123.59185338020325,51.1
123.83079719543457,48.3
124.05336332321167,51.1
124.27592730522156,48.9
124.49873399734497,51.7
124.73728060722351,48.3
124.9750828742981,51.1
125.2138888835907,47.8
125.4368417263031,51.1
125.65932512283325,48.9
125.88245511054993,51.7
126.12256979942322,48.3
126.34617018699646,51.1
126.56993293762207,48.3
126.7931125164032,51.1
127.03296709060669,48.3
127.25703549385071,51.1
127.48010897636414,48.9
127.70335674285889,51.1
127.94450259208679,48.3
128.16781568527222,51.1
128.3910791873932,48.3
128.61498737335205,51.7
128.85511589050293,48.3
129.10660529136658,51.1
129.33060455322266,48.3
129.5544126033783,51.1
129.79561400413513,48.3
130.0386302471161,51.1
130.2798342704773,48.3
130.52091884613037,51.1
130.76346015930176,48.3
131.00454425811768,50.6
131.24565982818604,50.6
131.4877142906189,51.1
131.72902631759644,48.3
131.97007393836975,51.1
132.21256804466248,48.3
132.43670320510864,51.1
132.6606101989746,48.3
132.88555097579956,51.1
133.12666058540344,48.3
133.36799669265747,51.1
133.5926342010498,48.9
133.81564784049988,51.1
134.03848886489868,48.3
134.27834296226501,50.6
134.51796102523804,51.1
134.74152874946594,48.3
134.96523308753967,51.1
135.18812489509583,48.3
135.42696928977966,50.6
135.6664502620697,51.1
135.90570068359375,48.3
136.14548754692078,51.1
136.3858118057251,48.3
136.62457656860352,51.1
136.86330914497375,48.3
137.10284042358398,51.1
137.34189629554749,48.3
137.58092069625854,50.6
137.82064700126648,50.6
138.05981040000916,51.1
138.28311038017273,48.9
138.50664138793945,51.1
138.72968244552612,48.3
138.96853590011597,51.1
139.19270992279053,48.9
139.41585206985474,51.1
139.63888144493103,48.9
139.87847471237183,51.1
140.1178159713745,48.3
140.35664868354797,51.1
140.59641242027283,48.3
140.8348889350891,51.1
141.07636284828186,48.3
141.29940843582153,51.1
141.5224666595459,48.9
141.74550771713257,51.1
141.98675346374512,48.3
142.22650170326233,51.1
142.46615624427795,48.3
142.69016075134277,51.1
142.9140350818634,48.9
143.1375801563263,51.1
143.3807668685913,48.3
143.60391902923584,51.1
143.8269350528717,48.9
144.05168747901917,51.1
144.29021000862122,48.3
144.52938151359558,50.6
144.769056558609,50.6
145.00826454162598,51.1
145.24788975715637,48.3
145.4712851047516,51.7
145.69416213035583,48.9
145.9175341129303,51.1
146.15693306922913,48.3
146.40108180046082,51.1
146.6398868560791,48.3
146.87945938110352,51.1
147.1194019317627,48.3
147.35863399505615,51.1
147.59886074066162,48.3
147.82238936424255,51.1
148.04555130004883,48.3
148.26881313323975,51.1
148.50833868980408,48.3
148.73172879219055,51.1
148.95527529716492,48.3
149.17825508117676,51.1
149.41891479492188,48.3
149.65760922431946,51.1
149.89498949050903,48.3
150.11922788619995,51.1
150.34213590621948,48.3
150.5645308494568,51.1
150.80175876617432,48.3
151.04006624221802,51.1
151.278715133667,48.3
151.51640558242798,50.6
151.7396788597107,51.1
151.96193075180054,48.3
152.18424439430237,51.1
152.42230367660522,48.3
152.65986132621765,50.6
152.89723587036133,51.1
153.1206579208374,48.3
153.34276723861694,51.1
153.56492161750793,48.3
153.80289578437805,50.6
154.02514338493347,51.1
154.24729442596436,48.3
154.46987915039062,51.1
154.70709085464478,48.3
154.94445180892944,51.1
155.1834852695465,47.8
155.42281126976013,51.1
155.66271805763245,48.3
155.90346550941467,50.6
156.12650084495544,51.1
156.34964561462402,48.9
156.57307195663452,51.1
156.81290340423584,48.3
157.0524196624756,51.1
157.29321765899658,48.3
157.53266406059265,51.1
157.75572681427002,48.9
157.97923612594604,51.1
158.20229077339172,48.3
158.441965341568,50.6
158.68295216560364,50.6
158.92235326766968,51.1
159.16223883628845,48.3
159.4036774635315,51.1
159.64420223236084,47.8
159.88481664657593,51.1
160.12602949142456,48.3
160.36698842048645,51.1
160.60709643363953,48.3
160.84814643859863,51.1
161.0881953239441,48.3
161.32804703712463,51.1
161.5693392753601,48.3
161.80925679206848,50.6
162.04933762550354,51.1
162.29045629501343,48.3
162.5306911468506,50.6
162.7706983089447,50.6
163.01186990737915,51.1
163.25195860862732,48.3
163.49226832389832,51.1
163.71645593643188,48.9
163.93954968452454,51.1
164.16291975975037,48.9
164.4042842388153,51.1
164.64428305625916,48.3
164.88426065444946,51.1
165.1264021396637,48.3
165.38339018821716,50.6
165.6210651397705,51.1
165.8440821170807,48.9
166.06658577919006,51.1
166.28912019729614,48.9
166.5278058052063,51.1
166.74996089935303,48.9
166.97225522994995,51.1
167.19528150558472,48.9
167.4332892894745,51.1
167.67255187034607,48.3
167.91306447982788,51.1
168.15267753601074,48.3
168.39212727546692,51.1
168.63254308700562,48.3
168.87191152572632,51.1
169.1112985610962,48.3
169.35160541534424,51.1
169.59558844566345,48.3
169.834787607193,51.1
170.07511591911316,48.3
170.31485056877136,51.1
170.55483436584473,48.3
170.7959213256836,50.6
171.0362582206726,51.1
171.276549577713,48.3
171.5186059474945,51.1
171.75678730010986,48.3
171.9949290752411,51.1
172.23388719558716,48.3
172.4717297554016,51.1
172.70961260795593,48.3
172.9483678340912,51.1
173.1862668991089,48.3
173.4264543056488,51.1
173.65041756629944,48.9
173.87327456474304,51.1
174.0967059135437,48.9
174.33752465248108,51.1
174.5608615875244,48.9
174.784161567688,51.7
175.00797605514526,48.3
175.2478392124176,51.1
175.48787450790405,48.3
175.7124729156494,51.1
175.93482995033264,48.3
176.15721082687378,51.1
176.39695692062378,48.3
176.63563418388367,50.6
176.8742413520813,51.1
177.11753702163696,48.3
177.35771250724792,51.1
177.59764313697815,48.3
177.8360559940338,51.1
178.05796241760254,48.3
178.28006410598755,51.1
178.50293803215027,48.3
178.74049758911133,51.1
178.97789812088013,48.3
179.21604108810425,51.1
179.4537479877472,48.3
179.69421577453613,51.1
179.9188153743744,48.9
180.14230585098267,51.1
180.3649697303772,48.3
180.6062090396881,51.1
180.84712672233582,48.3
181.07095789909363,51.1
181.29418182373047,48.3
181.51750087738037,51.1
181.75721788406372,48.3
181.99543237686157,51.1
182.2331941127777,48.3
182.47079586982727,51.1
182.7090663909912,48.3
182.94711327552795,51.1
183.18506693840027,48.3
183.42406058311462,50.6
183.66148018836975,50.6
183.89985036849976,50.6
184.13830852508545,50.6
184.37575697898865,51.1
184.61688423156738,48.3
184.85590887069702,51.1
185.09434914588928,47.8
185.33244013786316,51.1
185.57071495056152,48.3
185.80807185173035,51.1
186.04605627059937,48.3
186.2861442565918,51.1
186.52493929862976,48.3
186.7632131576538,51.1
187.0031247138977,48.3
187.24135851860046,51.1
187.47966170310974,48.3
187.7188184261322,51.1
187.9573254585266,47.8
188.19562697410583,51.1
188.43520998954773,48.3
188.67353224754333,50.6
188.91380047798157,51.1
189.15320682525635,48.3
189.39150094985962,51.1
189.62998628616333,48.3
189.86937975883484,51.1
190.0925726890564,48.3
190.31529188156128,51.1
190.53869771957397,48.9
190.7776436805725,51.1
191.0160551071167,48.3
191.2563235759735,50.6
191.49515867233276,51.1
191.73363757133484,47.8
191.9746708869934,51.1
192.21443104743958,48.3
192.45259070396423,51.1
192.69192814826965,47.8
192.93104362487793,51.1
193.1695694923401,48.3
193.40887570381165,50.6
193.6474883556366,50.6
193.88639211654663,51.1
194.12616634368896,48.3
194.3638470172882,51.1
194.5866243839264,48.9
194.8095805644989,51.1
195.0321662425995,48.3
195.26980471611023,50.6
195.49311780929565,51.1
195.71616673469543,48.3
195.93848299980164,51.1
196.1772449016571,48.3
196.3996045589447,51.1
196.62379956245422,48.9
196.8474841117859,51.1
197.0851390361786,48.3
197.32497572898865,51.1
197.5489857196808,48.9
197.7719850540161,51.1
197.99466514587402,48.3
198.2336688041687,50.6
198.47102999687195,51.1
198.70876002311707,48.3
198.94877457618713,51.1
199.18708968162537,48.3
199.42441487312317,51.1
199.66295671463013,48.3
199.90034008026123,51.1
200.14031648635864,48.3
315.444846868515,30.6
315.68505239486694,31.1
315.92511796951294,30.6
316.16508388519287,30.6
316.40624499320984,30.6
316.6509974002838,30.6
316.8911786079407,30.6
317.13121914863586,30.6
317.3724615573883,30.6
317.59695649147034,31.1
317.81927156448364,31.1
318.0426104068756,30.6
318.28063130378723,30.6
318.5189664363861,30.6
318.75812220573425,30.6
318.98184967041016,30.6
319.20495104789734,30.6
319.42837500572205,30.6
319.6683027744293,30.6
319.9079337120056,30.6
320.13107800483704,30.6
320.3537223339081,30.6
320.5764091014862,30.6
320.8151831626892,30.6
321.0387816429138,30.6
321.2615852355957,30.6
321.4845426082611,30.6
321.7226448059082,30.6
321.94599437713623,30.6
322.170547246933,30.6
322.39389061927795,30.6
322.6340296268463,30.6
322.87355065345764,30.6
323.1129665374756,30.0
323.3372049331665,30.6
323.55991077423096,30.6
323.7827527523041,30.6
324.0224165916443,30.0
324.26240944862366,30.0
324.4858069419861,30.6
324.70861768722534,30.6
324.93146681785583,30.6
325.1710195541382,30.0
325.41063117980957,30.0
325.65132117271423,30.0
325.8738446235657,30.0
326.09610509872437,30.0
326.3186104297638,30.0
326.5579876899719,30.0
326.7989070415497,30.0
327.0387909412384,30.0
327.27871561050415,30.0
327.5177240371704,30.0
327.75637340545654,30.0
328.00016736984253,30.0
328.2386574745178,30.0
328.47781705856323,30.0
328.71656942367554,30.0
328.9552221298218,30.0
329.1946382522583,30.0
329.4332971572876,30.0
329.67255425453186,29.4
329.9113895893097,32.2
330.1526699066162,30.0
330.3920953273773,30.0
330.63088941574097,29.4
330.8696184158325,32.2
331.10872769355774,30.0
331.3474774360657,30.0
331.58619594573975,30.0
331.8086040019989,30.0
332.0309216976166,30.0
332.2533526420593,30.0
332.49596977233887,30.0
332.7350375652313,29.4
332.97348642349243,32.2
333.21245884895325,29.4
333.45210886001587,32.2
333.6905825138092,30.0
333.92989134788513,30.0
334.1685149669647,30.0
334.40753388404846,29.4
334.6459074020386,32.2
334.8690490722656,30.0
335.09381914138794,30.0
335.31671690940857,30.0
335.5577895641327,30.0
335.7808926105499,30.0
336.00336813926697,30.0
336.22646474838257,30.0
336.46528935432434,29.4
336.7037332057953,32.2
336.9422838687897,29.4
337.1810817718506,32.2
337.42052149772644,30.0
337.6436674594879,30.0
337.8664982318878,30.0
338.0893042087555,30.0
338.3275897502899,30.0
338.56819248199463,29.4
338.79096269607544,32.8
339.01386523246765,30.0
339.2366292476654,30.0
339.4754455089569,30.0
339.71482849121094,29.4
339.9534764289856,32.2
340.1765470504761,30.0
340.3990738391876,30.0
340.62202429771423,30.0
340.8614342212677,29.4
341.10033226013184,32.2
341.33888125419617,30.0
341.56240463256836,30.0
341.7851490974426,30.0
342.0080111026764,30.0
342.2463254928589,30.0
342.48494386672974,30.0
342.70798563957214,30.0
342.93072724342346,30.0
343.154433965683,30.0
343.39176893234253,30.0
343.63444352149963,29.4
343.873183965683,32.2
344.11230874061584,29.4
344.33577823638916,32.2
344.5591275691986,30.0
344.78202056884766,30.0
345.0205512046814,29.4
345.2593948841095,32.2
345.4843192100525,30.0
345.70779371261597,30.0
345.9312903881073,30.0
346.1686198711395,30.0
346.406396150589,29.4
346.6449191570282,32.2
346.88280987739563,30.0
347.10509276390076,30.0
347.32776927948,30.0
347.55064630508423,30.0
347.7899577617645,30.0
348.01303219795227,30.0
348.2353744506836,30.0
348.4579155445099,30.0
348.6958541870117,29.4
348.9349286556244,32.2
349.15907192230225,30.0
349.3815896511078,30.0
349.6042323112488,30.0
349.8438787460327,29.4
350.0857951641083,32.2
350.3085570335388,30.0
350.5309841632843,30.0
350.75343322753906,30.0
350.9913227558136,29.4
351.23267340660095,32.2
351.4557068347931,30.0
351.6780948638916,30.0
351.90074849128723,30.0
352.138032913208,29.4
352.3758797645569,32.2
352.61278438568115,29.4
352.8507328033447,32.2
353.09156608581543,29.4
353.3324327468872,32.2
353.5570282936096,30.0
353.7803919315338,30.0
354.0038115978241,30.0
354.2471911907196,30.0
354.48776721954346,30.0
354.7297923564911,30.0
354.9531018733978,30.0
355.1764919757843,30.0
355.39992690086365,30.0
355.64099049568176,29.4
355.86514544487,32.2
356.08855843544006,30.0
356.31216192245483,30.0
356.55289483070374,29.4
356.77610635757446,32.2
357.00015783309937,30.0
357.22627687454224,30.0
357.4667456150055,30.0
357.70702743530273,29.4
357.9472529888153,32.2
358.18855118751526,29.4
358.4289674758911,32.2
358.6694118976593,29.4
358.90970277786255,32.2
359.14992666244507,30.0
359.3913459777832,30.0
359.6317024230957,30.0
359.8728835582733,30.0
360.1131978034973,30.0
360.35377073287964,30.0
360.5949468612671,30.0
360.83509278297424,30.0
361.0756096839905,30.0
361.3160297870636,29.4
361.55623626708984,32.2
361.79783177375793,29.4
362.0357508659363,32.2
362.27447748184204,30.0
362.5169277191162,30.0
362.75697326660156,30.0
362.9955952167511,30.0
363.23434948921204,30.0
363.4724895954132,29.4
363.71076560020447,32.2
363.9334411621094,30.0
364.15670371055603,30.0
364.3792579174042,30.0
364.61754417419434,30.0
364.8565549850464,30.0
365.09466195106506,29.4
365.3179214000702,32.2
365.54046630859375,30.0
365.763076543808,30.0
366.0010015964508,30.0
366.24293661117554,29.4
366.48386907577515,32.2
366.723916053772,29.4
366.9639298915863,32.2
367.20390129089355,30.0
367.4438405036926,30.0
367.68955659866333,30.0
367.93123722076416,30.0
368.1717803478241,30.0
368.41204500198364,30.0
368.6515109539032,30.0
368.89259362220764,29.4
369.1320185661316,32.2
369.3727226257324,30.0
369.6122245788574,30.0
369.8519995212555,29.4
370.09323930740356,32.2
370.33269119262695,30.0
370.5722999572754,29.4
370.8121213912964,32.2
371.0518274307251,30.0
371.2926709651947,30.0
371.5333254337311,30.0
371.77389454841614,29.4
372.01438999176025,32.2
372.2554602622986,30.0
372.497136592865,30.0
372.73762822151184,30.0
372.9786581993103,30.0
373.21918082237244,30.0
373.4596633911133,30.0
373.70585656166077,29.4
373.9461555480957,32.2
374.18628001213074,30.0
374.42662811279297,30.0
374.66717505455017,30.0
374.90861201286316,30.0
375.14881348609924,29.4
375.38892579078674,32.2
375.6313285827637,29.4
375.87159729003906,32.2
376.11306715011597,30.0
376.35340118408203,30.0
376.59372568130493,30.0
376.8340814113617,30.0
377.07425832748413,30.0
377.3155164718628,30.0
377.5560300350189,30.0
377.7963721752167,30.0
378.0369391441345,30.0
378.27709889411926,29.4
378.5185766220093,32.2
378.7585115432739,29.4
378.99848222732544,32.2
379.2387499809265,30.0
379.47892451286316,30.0
379.72011828422546,30.0
379.9601345062256,30.0
380.1982190608978,30.0
380.4212145805359,30.0
380.64398097991943,30.0
380.86700677871704,30.0
381.1049151420593,30.0
381.343003988266,29.4
381.58114099502563,32.2
381.8040232658386,30.0
382.0273976325989,30.0
382.2499723434448,30.0
382.48781728744507,29.4
382.72689938545227,32.2
382.96495366096497,30.0
383.2039210796356,30.0
383.4421215057373,30.0
383.68021273612976,30.0
383.91896986961365,29.4
384.1570188999176,32.2
384.38038539886475,30.0
384.60280084609985,30.0
384.8254220485687,30.0
385.0645043849945,29.4
385.2874186038971,32.2
385.51035165786743,30.0
385.73497700691223,30.0
385.9755349159241,29.4
386.2164537906647,32.2
386.4572265148163,29.4
386.70135378837585,32.2
386.92477798461914,30.0
387.14778327941895,30.0
387.37045407295227,30.0
387.60856008529663,30.0
387.8320245742798,30.0
388.0546429157257,30.0
388.2771637439728,30.0
388.5151081085205,30.0
388.75348591804504,29.4
388.99310755729675,32.2
389.21618247032166,30.0
389.4385645389557,30.0
389.66140723228455,29.4
389.89932894706726,32.2
390.13865208625793,30.0
390.37743878364563,30.0
390.6162853240967,30.0
390.83908915519714,30.0
391.0616888999939,30.0
391.28453612327576,30.0
391.5226516723633,29.4
391.76513957977295,32.2
392.00522351264954,29.4
392.2465138435364,32.2
392.4876387119293,30.0
392.7277615070343,30.0
392.96768403053284,30.0
393.20610785484314,30.0
393.44509053230286,29.4
393.68409848213196,32.2
393.9072570800781,30.0
394.1300003528595,30.0
394.35270953178406,30.0
394.5911259651184,30.0
394.83152055740356,30.0
395.0546064376831,30.0
395.2775149345398,30.0
395.5001313686371,30.0
395.738073348999,29.4
395.9777956008911,32.2
396.2202732563019,29.4
396.4433310031891,32.8
396.66568994522095,30.0
396.8882133960724,30.0
397.127925157547,30.0
397.3661119937897,30.0
397.6041314601898,30.0
397.8424234390259,29.4
398.08102917671204,32.2
398.30443835258484,30.0
398.52873730659485,30.0
398.75143098831177,30.0
398.9888741970062,30.0
399.2140243053436,30.0
399.43678879737854,30.0
399.6593186855316,30.0
399.89683771133423,29.4
400.13484382629395,32.2
400.3576557636261,30.0
400.5806210041046,30.0
400.80317640304565,30.0
401.0405447483063,29.4
401.2786512374878,32.2
401.5218234062195,29.4
401.7606120109558,32.2
401.9984700679779,30.0
402.236958026886,30.0
402.4597096443176,30.0
402.6822781562805,30.0
402.90566062927246,30.0
403.14658188819885,30.0
403.3881096839905,30.0
403.6275842189789,30.0
403.8684356212616,30.0
404.0921266078949,30.0
404.31544256210327,30.0
404.53908133506775,30.0
404.77795028686523,29.4
405.01748275756836,32.2
405.2607216835022,29.4
405.4986023902893,32.2
405.7362561225891,29.4
405.97384810447693,32.2
406.2108497619629,30.0
406.44896245002747,29.4
406.6867501735687,32.2
406.9091444015503,30.0
407.13129711151123,30.0
407.35338377952576,30.6
407.591020822525,30.0
407.82791447639465,30.0
408.06483578681946,30.0
408.30232334136963,30.0
408.5392701625824,30.0
408.77747535705566,30.0
409.014417886734,30.0
409.25135684013367,29.4
409.4881992340088,32.2
409.72765493392944,30.0
409.96605587005615,30.0
410.20431542396545,30.0
410.44245052337646,30.0
410.6809160709381,30.0
410.903666973114,30.0
411.1268014907837,30.0
411.3496072292328,30.0
411.5877683162689,29.4
411.8104429244995,32.2
412.03523349761963,30.0
412.2582092285156,30.0
412.4972290992737,29.4
412.7372045516968,32.2
412.9769103527069,30.0
413.19995856285095,30.0
413.42287850379944,30.0
413.6478021144867,30.0
413.8861472606659,30.0
414.1246066093445,29.4
414.3629779815674,32.2
414.58656311035156,30.0
414.80999422073364,30.0
415.0348973274231,30.0
415.27293729782104,30.0
415.5115714073181,30.0
415.75256967544556,30.0
415.99011874198914,30.0
416.2282223701477,29.4
416.46666860580444,32.2
416.70520758628845,29.4
416.9440543651581,32.2
417.18220949172974,30.0
417.4204668998718,30.0
417.6590003967285,29.4
417.89740085601807,32.2
418.1208345890045,30.0
418.3432660102844,30.0
418.5658781528473,30.0
418.8043739795685,30.0
419.0427279472351,30.0
419.2660765647888,30.0
419.4885993003845,30.0
419.71086072921753,30.0
419.9488229751587,30.0
420.187087059021,29.4
420.42636275291443,32.2
420.6649603843689,30.0
420.90396094322205,30.0
421.14225912094116,29.4
421.381875038147,32.2
421.621027469635,29.4
421.8437657356262,32.8
422.0663502216339,30.0
422.28897166252136,30.0
422.5272285938263,30.0
422.75086641311646,30.0
422.9733953475952,30.0
423.19604229927063,30.0
423.4341654777527,30.0
423.67327523231506,30.0
423.91414189338684,30.0
424.1526517868042,29.4
424.3754827976227,32.2
424.59763765335083,30.0
424.819771528244,30.0
425.0588529109955,30.0
425.29748463630676,30.0
425.537766456604,30.0
425.759774684906,30.0
425.98203563690186,30.0
426.20483589172363,30.0
426.44112157821655,30.0
426.678258895874,29.4
426.91629791259766,32.2
427.15418815612793,29.4
427.3919653892517,32.2
427.6290295124054,29.4
427.86695098876953,32.2
428.0890419483185,30.0
428.3111319541931,30.0
428.5351412296295,30.0
428.77229595184326,30.0
429.00952339172363,30.0
429.25112795829773,30.0
429.4911675453186,30.0
429.73208379745483,29.4
429.9718105792999,32.2
430.2117440700531,30.0
430.4517180919647,30.0
430.6917259693146,30.0
430.93352222442627,30.0
431.1733980178833,30.0
431.41336488723755,29.4
431.6534376144409,32.2
431.8934679031372,30.0
432.13440585136414,30.0
432.3742980957031,30.0
432.61414790153503,29.4
432.85373711586,32.2
433.0929708480835,29.4
433.33115792274475,32.2
433.56864309310913,29.4
433.8066120147705,32.2
434.04385018348694,30.0
434.26655292510986,30.0
434.4895510673523,30.0
434.7128109931946,30.0
434.9513912200928,29.4
435.1893298625946,32.2
435.42746090888977,30.0
435.66622495651245,30.0
435.88913655281067,30.0
436.1119382381439,30.0
436.33484053611755,30.0
436.57248640060425,30.0
436.8113524913788,30.0
437.0504243373871,30.0
437.2886440753937,29.4
437.5114986896515,32.2
437.7338664531708,30.0
437.95726466178894,30.0
438.19523334503174,30.0
438.433226108551,30.0
438.67131519317627,30.0
438.89411091804504,30.0
439.1183717250824,30.0
439.34095764160156,30.0
439.57866406440735,30.0
439.8175776004791,30.0
440.0569107532501,29.4
440.2805960178375,32.2
440.5033173561096,30.0
440.72620606422424,30.0
440.9645125865936,30.0
441.20223927497864,29.4
441.4417521953583,32.2
441.6798725128174,29.4
441.9030725955963,32.8
442.1258878707886,30.0
442.3484363555908,30.0
442.5874409675598,30.0
442.826367855072,29.4
443.06579518318176,32.2
443.2886633872986,30.0
443.5112974643707,30.0
443.73449969291687,30.0
443.9724349975586,30.0
444.2130925655365,29.4
444.4509344100952,32.2
444.68959760665894,29.4
444.9286034107208,32.2
445.1672582626343,30.0
445.39026069641113,30.0
445.61366176605225,30.0
445.83648920059204,30.0
446.0754973888397,30.0
446.31359577178955,30.0
446.5552577972412,29.4
446.79327869415283,32.2
447.0162470340729,30.0
447.2402672767639,30.0
447.46304869651794,30.0
447.7008948326111,30.0
447.93920159339905,30.0
448.17830204963684,30.0
448.4021234512329,30.0
448.6257200241089,30.0
448.8482201099396,30.0
449.0866713523865,29.4
449.3274528980255,32.2
449.566246509552,30.0
449.805433511734,29.4
450.0282061100006,32.8
450.25169944763184,30.0
450.4745171070099,30.0
450.7136151790619,30.0
450.9510507583618,30.0
451.17354559898376,30.0
451.39576601982117,30.0
451.6180143356323,30.0
451.85801815986633,30.0
452.0970878601074,30.0
452.33549451828003,29.4
452.57355189323425,32.2
452.7961151599884,30.0
453.0190341472626,30.0
453.24199867248535,30.0
453.47912669181824,29.4
453.7170777320862,32.2
453.9546799659729,30.0
454.19393968582153,29.4
454.4167537689209,32.2
454.63910722732544,30.0
454.861528635025,30.0
455.0987358093262,30.0
455.3371694087982,29.4
455.5752899646759,32.2
455.7980799674988,30.0
456.02052569389343,30.0
456.2446789741516,30.0
456.4828689098358,30.0
456.720689535141,30.0
456.95841217041016,29.4
457.19686484336853,32.2
457.4193813800812,30.0
457.642208814621,30.0
457.8645188808441,30.0
458.10150599479675,30.0
458.339022397995,30.0
458.5634880065918,30.0
458.7859318256378,30.0
459.0081264972687,30.0
459.245751619339,29.4
459.48344445228577,32.2
459.7061402797699,30.0
459.9288659095764,30.0
460.15121960639954,30.0
460.3885042667389,30.0
460.6266555786133,29.4
460.86662101745605,32.2
461.107412815094,29.4
461.3473427295685,32.2
461.5878448486328,29.4
461.8281764984131,32.2
462.06781816482544,30.0
462.30917978286743,30.0
462.550888299942,30.0
462.78860783576965,30.0
463.0267446041107,30.0
463.2650091648102,29.4
463.50426602363586,32.2
463.74570512771606,30.0
463.9832332134247,30.0
464.2212824821472,29.4
464.44361448287964,32.8
464.66635966300964,30.0
464.88878893852234,30.0
465.1285607814789,30.0
465.3696403503418,30.0
465.59260535240173,30.0
465.81603360176086,30.0
466.0387761592865,30.0
466.2772879600525,30.0
466.515743970871,30.0
466.7541663646698,30.0
466.9923198223114,29.4
467.229514837265,32.2
467.46688199043274,29.4
467.7037580013275,32.2
467.9415774345398,29.4
468.17974758148193,32.2
468.42218351364136,30.0
468.65958547592163,30.0
468.8970332145691,30.0
469.13453245162964,30.0
469.37278628349304,30.0
469.6101264953613,30.0
469.84781765937805,30.0
470.08524680137634,30.0
470.32281494140625,30.0
470.56609058380127,30.0
470.8034567832947,29.4
471.0255630016327,32.8
471.2478621006012,30.0
471.47015404701233,30.0
471.7080852985382,29.4
471.9310986995697,32.8
472.1534698009491,30.0
472.37610912323,30.0
472.6144235134125,30.6
472.8538353443146,29.4
473.0917353630066,32.2
473.32967472076416,30.0
473.567982673645,30.0
473.80602741241455,30.0
474.0454602241516,30.0
474.2682864665985,30.0
474.49073362350464,30.0
474.71311116218567,30.0
474.9506342411041,30.0
475.18969321250916,30.0
475.41273045539856,30.0
475.63514971733093,30.0
475.8577597141266,30.0
476.0957634449005,30.0
476.33509063720703,29.4
476.57463669776917,32.2
476.7977042198181,30.0
477.0200881958008,30.0
477.2427463531494,30.0
477.4813241958618,30.0
477.7039952278137,30.0
477.92665791511536,30.0
478.14926385879517,30.0
478.3868670463562,30.0
478.62590742111206,29.4
478.84886407852173,32.8
479.0715034008026,30.0
479.2936944961548,30.0
479.53162693977356,30.0
479.7607910633087,30.0
479.9830265045166,30.0
480.2054867744446,30.0
480.443571805954,29.4
480.6665241718292,32.2
480.8897707462311,30.0
481.1123583316803,30.0
481.3504903316498,30.0
481.588515996933,30.0
481.82744002342224,29.4
482.06641006469727,32.2
482.3060450553894,29.4
482.5290961265564,32.2
482.7520270347595,30.0
482.9747676849365,30.0
483.21542406082153,30.0
483.4551224708557,30.0
483.6963391304016,30.0
483.91853427886963,30.0
484.14073634147644,30.0
484.3633029460907,30.0
484.60138463974,30.0
484.8400857448578,29.4
485.06238865852356,32.8
485.28472542762756,30.0
485.50783467292786,30.0
485.7456796169281,30.0
485.98449516296387,30.0
486.22546577453613,30.0
486.4667387008667,30.0
486.70948362350464,30.0
486.9504437446594,30.0
487.188604593277,30.0
487.42698979377747,30.0
487.6492133140564,30.0
487.87198638916016,30.0
488.09400939941406,30.0
488.33151936531067,30.0
488.55365657806396,30.0
488.775985956192,30.0
488.9986045360565,30.0
489.2367959022522,30.0
489.47524857521057,29.4
489.713796377182,32.2
489.9517683982849,29.4
490.19036316871643,32.2
490.43082308769226,29.4
490.67122507095337,32.2
490.9094865322113,30.0
491.1324932575226,30.0
491.3554995059967,30.0
491.57873702049255,30.0
491.8165910243988,30.0
492.05488562583923,29.4
492.2933747768402,32.2
492.5168044567108,30.0
492.7398452758789,30.0
492.96251463890076,30.0
493.2003803253174,30.0
493.4382698535919,30.0
493.6773979663849,30.0
493.91537380218506,30.0
494.1532130241394,30.0
494.39175963401794,30.0
494.6146972179413,30.0
494.83788204193115,30.0
495.0602083206177,30.0
495.3028175830841,29.4
495.54106998443604,32.2
495.7637333869934,30.0
495.9885790348053,30.0
496.21143984794617,30.0
496.44945645332336,29.4
496.687753200531,32.2
496.91079211235046,30.0
497.13371658325195,30.0
497.3563940525055,30.0
497.59632444381714,29.4
497.83527755737305,32.2
498.0736196041107,29.4
498.297087430954,32.2
498.5197947025299,29.4
498.7423782348633,32.2
498.98186206817627,30.0
499.2053427696228,30.0
499.4286389350891,30.6
499.6517233848572,30.0
499.8900320529938,30.0
500.1283276081085,30.0
500.35161209106445,30.0
500.57496070861816,30.0
500.7976384162903,30.0
501.0364820957184,30.0
501.27774810791016,29.4
501.5158956050873,32.2
501.756432056427,29.4
501.9952623844147,32.2
502.23356771469116,29.4
502.4716467857361,32.2
502.7098705768585,30.0
502.9489140510559,30.0
503.18731904029846,30.0
503.4255290031433,30.0
503.66428089141846,30.0
503.90489983558655,30.0
504.14624881744385,30.0
504.3865604400635,30.0
504.62664794921875,30.0
504.8670279979706,30.0
505.1077995300293,29.4
505.348913192749,32.2
505.589271068573,30.0
505.83080077171326,30.0
506.07127594947815,30.0
506.3114387989044,30.0
506.55279183387756,30.0
506.7910122871399,29.4
507.01413130760193,32.2
507.2366051673889,30.0
507.4592912197113,30.0
507.69809222221375,30.0
507.93602871894836,30.0
508.1739454269409,30.0
508.4117662906647,30.0
508.64966917037964,30.0
508.8733205795288,30.0
509.096168756485,30.0
509.3182485103607,30.0
509.5560004711151,30.0
509.79477047920227,30.0
510.03361225128174,29.4
510.25641775131226,32.2
510.4789254665375,30.0
510.70140957832336,30.0
510.9390540122986,30.0
511.1780536174774,29.4
511.41661190986633,32.2
511.6394588947296,30.0
511.86206436157227,30.0
512.0843842029572,30.0
512.3229587078094,30.0
512.5608575344086,29.4
512.7990891933441,32.2
513.037255525589,30.0
513.275084733963,30.0
513.5139334201813,29.4
513.7523007392883,32.2
513.9903573989868,30.0
514.2129638195038,30.0
514.4355454444885,30.0
514.6585655212402,30.0
514.8971836566925,29.4
515.1354084014893,32.2
515.3583128452301,30.0
515.583062171936,30.0
515.8060572147369,30.0
516.0443027019501,30.0
516.2855725288391,29.4
516.5235793590546,32.2
516.7468211650848,30.0
516.9701201915741,30.0
517.193058013916,30.0
517.4308519363403,30.0
517.6691386699677,30.0
517.9074056148529,29.4
518.1308555603027,32.2
518.3533337116241,30.0
518.57577085495,30.0
518.8134570121765,30.0
519.0514678955078,29.4
519.2744741439819,32.2
519.4970235824585,30.0
519.7195842266083,30.0
519.9574952125549,30.0
520.180557012558,30.0
520.4035532474518,30.0
520.6261229515076,30.0
520.8644342422485,30.0
521.1030421257019,30.0
521.3420474529266,30.0
521.5809614658356,30.0
521.8042922019958,29.4
522.0267198085785,32.2
522.2491142749786,30.0
522.4875645637512,30.0
522.726968050003,29.4
522.965128660202,32.2
523.1879301071167,30.0
523.4104008674622,30.0
523.6330142021179,30.0
523.8723454475403,29.4
524.1110861301422,32.2
524.3336930274963,30.0
524.5562105178833,30.0
524.7787635326385,30.0
525.0177054405212,30.0
525.2557814121246,30.0
525.4834372997284,30.0
525.7063040733337,30.0
525.9289603233337,30.0
526.1699755191803,30.0
526.4102149009705,29.4
526.6502432823181,32.2
526.8908114433289,29.4
527.128650188446,32.2
527.368216753006,30.0
527.6069474220276,30.0
527.8450040817261,30.0
528.083441734314,30.0
528.3241603374481,30.0
528.5629687309265,30.0
528.8010261058807,30.0
529.0235714912415,30.0
529.2462904453278,30.0
529.4684951305389,30.0
529.7075917720795,30.0
529.9458887577057,30.0
530.1692309379578,30.0
530.3917515277863,30.0
530.6143915653229,30.0
530.8530871868134,29.4
531.0920147895813,32.2
531.3303952217102,29.4
531.569235086441,32.2
531.8074767589569,30.0
532.0310702323914,30.0
532.2536754608154,30.0
532.4761481285095,30.0
532.7140626907349,30.0
532.9551949501038,30.0
533.1795363426208,30.0
533.4025881290436,30.0
533.6259641647339,30.0
533.865975856781,30.0
534.0891375541687,30.0
534.3137409687042,30.0
534.5370352268219,30.0
534.7753295898438,29.4
535.015618801117,32.2
535.255473613739,29.4
535.4942009449005,32.2
535.7322688102722,29.4
535.9558525085449,32.8
536.179137468338,30.0
536.4025495052338,30.0
536.6438679695129,30.0
536.8675584793091,30.0
537.0908246040344,30.0
537.3149478435516,30.0
537.5551626682281,30.0
537.7796232700348,30.0
538.0029134750366,30.0
538.2263464927673,30.0
538.4649686813354,30.0
538.703462600708,30.0
538.942257642746,30.0
539.1646842956543,30.0
539.3871917724609,30.0
539.6120519638062,30.0
539.8500826358795,30.0
540.089236497879,29.4
540.3298141956329,32.2
540.5684058666229,29.4
540.80708527565,32.2
541.0450730323792,29.4
541.2855198383331,32.2
541.5234351158142,30.0
541.7458581924438,30.0
541.9686467647552,30.0
542.1908240318298,30.0
542.4294991493225,29.4
542.6677210330963,32.2
542.9055922031403,30.0
543.1441836357117,30.0
543.3823528289795,30.0
543.6211721897125,30.0
543.8439338207245,30.0
544.0665636062622,30.0
544.2890584468842,30.0
544.5278704166412,30.0
544.7674503326416,30.0
545.0061712265015,29.4
545.2450950145721,32.2
545.4835214614868,29.4
545.7234604358673,32.2
545.965639591217,30.0
546.2060344219208,30.0
546.4468078613281,30.0
546.6881539821625,30.0
546.9279313087463,30.0
547.1680021286011,30.0
547.407036781311,29.4
547.6463508605957,32.2
547.8857064247131,30.0
548.1265864372253,30.0
548.3685619831085,30.0
548.6131234169006,30.0
548.8358585834503,30.6
549.0580761432648,30.0
549.2806639671326,30.0
549.51984333992,29.4
549.7587838172913,32.2
549.9974935054779,30.0
550.2376773357391,29.4
550.4766507148743,32.2
550.7158653736115,29.4
550.9546914100647,32.2
551.1929225921631,30.0
551.4309892654419,30.0
551.6537835597992,30.0
551.876785993576,30.0
552.099310874939,30.0
552.3372981548309,30.0
552.5758459568024,30.0
552.815723657608,30.0
553.0556516647339,30.0
553.2785754203796,30.0
553.5016396045685,30.0
553.7249312400818,30.0
553.9631123542786,30.0
554.201788187027,29.4
554.4398398399353,32.2
554.6778063774109,30.0
554.9158086776733,30.0
555.1535832881927,29.4
555.3928048610687,32.2
555.6306636333466,30.0
555.8685202598572,29.4
556.1110577583313,32.2
556.3491537570953,30.0
556.5880374908447,30.0
556.8261704444885,30.0
557.0646696090698,30.0
557.303382396698,29.4
557.541225194931,32.2
557.7801842689514,30.0
558.0180006027222,30.0
558.2559809684753,30.0
558.4790081977844,30.0
558.7013404369354,30.0
558.9243245124817,30.0
559.1625237464905,30.0
559.3856709003448,30.0
559.6080570220947,30.0
559.8309831619263,30.0
560.0697224140167,30.0
560.308287858963,30.0
560.5312938690186,30.0
560.7536909580231,30.0
560.9762208461761,30.0
561.2154719829559,29.4
561.4550111293793,32.2
561.6779000759125,30.0
561.9005420207977,30.0
562.1247894763947,30.0
562.3642165660858,30.0
562.6025574207306,29.4
562.8455588817596,32.2
563.0841286182404,29.4
563.3226692676544,32.2
563.5622203350067,30.0
563.8019080162048,29.4
564.0414161682129,32.2
564.2809147834778,30.0
564.5204033851624,30.0
564.7611219882965,30.0
565.0017347335815,30.0
565.2411253452301,30.0
565.4806976318359,30.0
565.7205350399017,30.0
565.9612498283386,30.0
566.2010157108307,30.0
566.4410030841827,29.4
566.6811835765839,32.2
566.9212648868561,29.4
567.162403345108,32.2
567.4047183990479,30.0
567.648469209671,30.0
567.871600151062,30.0
568.0947711467743,30.0
568.3182246685028,30.0
568.5560071468353,30.0
568.7944374084473,30.0
569.0355432033539,30.0
569.2753925323486,29.4
569.516505241394,32.2
569.7567374706268,30.0
569.9967877864838,30.0
570.2368886470795,30.0
570.4772980213165,29.4
570.7176387310028,32.2
570.9552421569824,30.0
571.1779589653015,30.0
571.4006013870239,30.0
571.6229469776154,30.0
571.9036257266998,30.0
572.1453213691711,30.0
572.384171962738,30.0
572.629271030426,30.0
572.8691606521606,29.4
573.0926110744476,32.2
573.3158400058746,30.0
573.5383429527283,30.0
573.7772703170776,30.0
574.0157954692841,29.4
574.2557725906372,32.2
574.4947519302368,29.4
574.7374699115753,32.2
574.9765515327454,30.0
575.2157959938049,30.0
575.4555027484894,29.4
575.6952805519104,32.2
575.9359452724457,30.0
576.1764070987701,30.0
576.416912317276,30.0
576.6583633422852,30.0
576.8821771144867,30.0
577.1056864261627,30.0
577.3286669254303,30.0
577.5677573680878,30.0
577.7914054393768,30.0
578.0151312351227,30.0
578.2382001876831,30.0
578.479371547699,30.0
578.7187914848328,30.0
578.9421939849854,30.0
579.1658842563629,30.0
579.388792514801,30.0
579.6273753643036,29.4
579.8684751987457,32.2
580.0918390750885,30.0
580.3146965503693,30.0
580.537832736969,30.0
580.7760531902313,30.0
580.999639749527,30.0
581.2232639789581,30.0
581.4463379383087,30.0
581.6860420703888,30.0
581.9253664016724,29.4
582.1650331020355,32.2
582.4046981334686,29.4
582.6434760093689,32.2
582.8827922344208,29.4
583.1224756240845,32.2
583.3643636703491,29.4
583.6035928726196,32.2
583.8491711616516,30.0
584.0875656604767,30.0
584.3104481697083,30.0
584.5340330600739,30.0
584.7573635578156,30.0
584.9957890510559,30.0
585.2184562683105,30.0
585.4409968852997,30.0
585.6633543968201,30.0
585.9025225639343,30.0
586.1415989398956,30.0
586.3802247047424,30.0
586.6208589076996,30.0
586.8607115745544,29.4
587.1008548736572,32.2
587.3401274681091,30.0
587.5814480781555,30.0
587.8228030204773,30.0
588.0643537044525,29.4
588.3068795204163,32.2
588.5309824943542,30.0
588.7550466060638,30.0
588.978750705719,30.0
589.2181165218353,30.0
589.4426267147064,30.0
589.6656014919281,30.0
589.8885650634766,30.0
590.1278531551361,29.4
590.3675184249878,32.2
590.6074850559235,29.4
590.8476855754852,32.2
591.0881433486938,30.0
591.3115303516388,30.0
591.534815788269,30.0
591.7586472034454,30.0
591.9976618289948,30.0
592.2372958660126,30.0
592.4607319831848,30.0
592.6842555999756,30.0
592.9082434177399,30.0
593.1477925777435,29.4
593.3873312473297,32.2
593.6110148429871,30.0
593.8338360786438,30.0
594.0576746463776,30.0
594.2971856594086,30.0
594.5358486175537,30.0
594.7750341892242,30.0
594.9983167648315,30.0
595.2220282554626,30.0
595.4459273815155,30.0
595.6856069564819,29.4
595.9280834197998,32.2
596.1675915718079,29.4
596.4091477394104,32.2
596.6487817764282,29.4
596.8882193565369,32.2
597.1279339790344,30.0
597.3740494251251,30.0
597.613555431366,30.0
597.8545207977295,30.0
598.0943529605865,30.0
598.3178145885468,30.0
598.5409243106842,30.0
598.7652657032013,30.0
599.0054712295532,30.0
599.2294142246246,30.0
599.4525773525238,30.0
599.6756279468536,30.0
599.9159574508667,29.4
600.1559548377991,32.2
600.3976738452911,30.0
600.6385533809662,30.0
600.87997174263,30.0
601.123462677002,29.4
601.3641979694366,32.2
601.6044065952301,30.0
601.8447239398956,30.0
602.0852603912354,30.0
602.3266718387604,30.0
602.5683443546295,29.4
602.8083426952362,32.2
603.0485458374023,30.0
603.2713694572449,30.0
603.4950520992279,30.0
603.7179539203644,30.0
603.9570748806,29.4
604.1804666519165,32.2
604.4034683704376,30.0
604.6267261505127,30.0
604.8677473068237,30.0
605.1063113212585,30.0
605.3456585407257,30.0
605.5694160461426,30.0
605.7930362224579,30.0
606.0158960819244,30.0
606.2553505897522,29.4
606.4972274303436,32.2
606.7218918800354,30.0
606.946496963501,30.0
607.1700201034546,30.0
607.4092121124268,29.4
607.6325495243073,32.2
607.8560597896576,30.0
608.0802114009857,30.0
608.3194880485535,30.0
608.5430171489716,30.0
608.7661907672882,30.0
608.9895524978638,30.0
609.2421178817749,29.4
609.4801526069641,31.7
609.7195310592651,29.4
609.957505941391,32.2
610.1953728199005,30.0
610.4184527397156,30.0
610.6414403915405,30.0
610.8639872074127,30.0
611.1044282913208,30.0
611.3271920681,30.0
611.5513911247253,30.0
611.7739608287811,30.0
612.0139775276184,30.0
612.237804889679,30.0
612.4609768390656,30.0
612.6843812465668,30.0
612.9224214553833,29.4
613.1606605052948,32.2
613.3989024162292,29.4
613.6368944644928,32.2
613.8751828670502,30.0
614.1129846572876,29.4
614.3509321212769,32.2
614.5885927677155,30.0
614.8274154663086,30.0
615.0661129951477,30.0
615.3042182922363,30.0
615.5422070026398,30.0
615.7805972099304,30.0
616.0189960002899,30.0
616.2581079006195,30.0
616.497074842453,30.0
616.7354409694672,29.4
616.9737884998322,32.2
617.2138833999634,30.0
617.4547233581543,29.4
617.6947360038757,32.2
617.9348037242889,29.4
618.1746597290039,32.2
618.4154531955719,30.0
618.6539797782898,30.0
618.8921983242035,29.4
619.1147303581238,32.8
619.3372943401337,30.0
619.5598986148834,30.0
619.798898935318,30.0
620.0224595069885,30.0
620.2455945014954,30.0
620.4690120220184,30.0
620.70951795578,30.0
620.9340419769287,30.0
621.1571695804596,30.0
621.3803811073303,30.6
621.6191897392273,30.0
621.8579008579254,30.0
622.0973761081696,30.0
622.336023569107,30.0
622.5754375457764,30.0
622.81551861763,29.4
623.055826663971,32.2
623.2970929145813,30.0
623.5375764369965,30.0
623.7790079116821,30.0
624.019439458847,30.0
624.2598075866699,30.0
624.4990911483765,29.4
624.7374448776245,32.2
624.9754254817963,30.0
625.2134923934937,29.4
625.4368705749512,32.2
625.6605799198151,30.0
625.8835425376892,30.0
626.121999502182,30.0
626.3610768318176,29.4
626.599846124649,32.2
626.8402256965637,30.0
627.0788624286652,30.0
627.3184425830841,30.0
627.5582304000854,30.0
627.7982895374298,30.0
628.03954911232,30.0
628.2797346115112,29.4
628.5197620391846,32.2
628.7602107524872,30.0
629.0006885528564,30.0
629.2423014640808,30.0
629.4827163219452,30.0
629.7232825756073,30.0
629.9633977413177,30.0
630.2037560939789,30.0
630.4279301166534,30.0
630.6510846614838,30.0
630.8742518424988,30.0
631.1146967411041,30.0
631.3378300666809,30.0
631.5616919994354,30.0
631.7842743396759,30.0
632.0230917930603,29.4
632.2466814517975,32.2
632.4695041179657,30.0
632.6932966709137,30.0
632.9329717159271,30.0
633.1727831363678,29.4
633.4161658287048,32.2
633.6562132835388,30.0
633.8972029685974,30.0
634.1365151405334,29.4
634.3758981227875,32.2
634.6155045032501,29.4
634.8553869724274,32.2
635.0786283016205,30.0
635.3015167713165,30.0
635.5241029262543,30.0
635.7625317573547,30.0
636.0016136169434,30.0
636.241950750351,30.0
636.4654128551483,30.0
636.6881206035614,30.0
636.9113397598267,30.0
637.1538705825806,30.0
637.3933832645416,29.4
637.6341257095337,32.2
637.874950170517,29.4
638.1154975891113,32.2
638.3560757637024,30.0
638.5975868701935,30.0
638.821206331253,30.0
639.0446536540985,30.0
639.2681932449341,30.0
639.5083134174347,29.4
639.7316403388977,32.2
639.9550054073334,30.0
640.178697347641,30.0
640.4190850257874,30.0
640.6596863269806,30.0
640.9025237560272,30.0
641.1439125537872,30.0
641.3678598403931,30.0
641.5912001132965,30.0
641.8147661685944,30.0
642.0563898086548,29.4
642.2973246574402,32.2
642.5210859775543,30.0
642.7443163394928,30.0
642.9677815437317,30.0
643.2091999053955,30.0
643.432591676712,30.0
643.6559410095215,30.0
643.8818140029907,30.0
644.1228532791138,29.4
644.3644189834595,31.7
644.5882849693298,30.0
644.8118715286255,30.0
645.0350143909454,30.0
645.2754647731781,29.4
645.5014951229095,32.2
645.7246823310852,30.0
645.9482657909393,30.0
646.1882238388062,30.0
646.427996635437,29.4
646.6684112548828,32.2
646.9109466075897,29.4
647.1514625549316,32.2
647.3911154270172,29.4
647.6332397460938,32.2
647.8739259243011,29.4
648.113716840744,32.2
648.3533840179443,30.0
648.5929090976715,30.0
648.8332169055939,30.0
649.0737037658691,30.0
649.3132901191711,30.0
649.5528383255005,30.0
649.7928509712219,30.0
650.0328342914581,30.0
650.2737305164337,30.0
650.5133728981018,30.0
650.7532615661621,30.0
650.9926860332489,30.0
651.2319138050079,30.0
651.4721238613129,30.0
651.7116363048553,30.0
651.9514513015747,30.0
652.1906352043152,29.4
652.4283607006073,32.2
652.6678738594055,29.4
652.9064345359802,32.2
653.1467702388763,30.0
653.3871262073517,30.0
653.6276307106018,29.4
653.8688416481018,32.2
654.1094317436218,30.0
654.349933385849,30.0
654.5737476348877,30.0
654.7970316410065,30.0
655.0209665298462,30.0
655.2600238323212,30.0
655.4993617534637,30.0
655.7228353023529,30.0
655.9466774463654,30.0
656.1709311008453,30.0
656.4103553295135,30.0
656.6491847038269,30.0
656.8726606369019,30.0
657.0957713127136,30.0
657.3191902637482,30.0
657.5577838420868,29.4
657.7972195148468,32.2
658.0204837322235,30.0
658.2432951927185,30.0
658.4670987129211,30.0
658.7054555416107,30.0
658.9464778900146,29.4
659.187166929245,32.2
659.4104216098785,30.0
659.6344282627106,30.0
659.857873916626,30.0
660.0977885723114,29.4
660.3380043506622,32.2
660.5783007144928,29.4
660.8198139667511,32.2
661.0437207221985,30.0
661.2670619487762,30.0
661.4904353618622,30.0
661.7303099632263,30.0
661.9725823402405,29.4
662.1962695121765,32.2
662.4188468456268,30.0
662.6417934894562,30.0
662.8802423477173,30.0
663.1202437877655,30.0
663.359616279602,30.0
663.5984363555908,30.0
663.8377799987793,30.0
664.0765082836151,30.0
664.3162126541138,30.0
664.5564315319061,29.4
664.7952468395233,32.2
665.0343906879425,29.4
665.2736306190491,32.2
665.5130999088287,30.0
665.7521114349365,29.4
665.9919302463531,32.2
666.2313661575317,30.0
666.4701731204987,30.0
666.710645198822,30.0
666.9513602256775,30.0
667.196296453476,30.0
667.4370663166046,30.0
667.6767294406891,29.4
667.9170174598694,32.2
668.156082868576,30.0
668.3951864242554,30.0
668.6184394359589,30.0
668.8415763378143,30.0
669.0653028488159,30.0
669.3043146133423,30.0
669.5279502868652,30.0
669.7511823177338,30.0
669.974426984787,30.0
670.2146995067596,30.0
670.4383556842804,29.4
670.66153216362,32.2
670.8848638534546,30.0
671.1239705085754,30.0
671.3641726970673,30.0
671.6044955253601,30.0
671.8438050746918,29.4
672.0828323364258,32.2
672.3223533630371,29.4
672.5461513996124,32.8
672.7695446014404,30.0
672.9927885532379,30.0
673.2323553562164,30.0
673.4722974300385,30.0
673.7125856876373,30.0
673.9522838592529,30.0
674.1917855739594,30.0
674.415266752243,30.0
674.638897895813,30.0
674.8627138137817,30.0
675.1022417545319,29.4
675.3416564464569,32.2
675.5666573047638,30.0
675.7899317741394,30.0
676.0135843753815,30.0
676.2528398036957,30.0
676.4923720359802,30.0
676.7317173480988,29.4
676.9552581310272,32.2
677.1784856319427,30.0
677.4019293785095,30.0
677.6412496566772,30.0
677.8655233383179,30.0
678.0892817974091,30.0
678.3138229846954,30.0
678.5553209781647,29.4
678.7968809604645,32.2
679.0381886959076,29.4
679.2797265052795,32.2
679.5225179195404,29.4
679.7642552852631,32.2
680.0061676502228,30.0
680.2466907501221,30.0
680.4867780208588,30.0
680.7289192676544,30.0
680.9677340984344,30.0
681.2064859867096,30.0
681.44975233078,30.0
681.6905205249786,29.4
681.9349026679993,32.2
682.1755893230438,30.0
682.4154736995697,30.0
682.6392590999603,30.0
682.8625650405884,30.0
683.0861914157867,30.0
683.3254957199097,30.0
683.565670967102,30.0
683.7923743724823,30.0
684.0156922340393,30.0
684.2397372722626,30.0
684.4799876213074,29.4
684.7197124958038,32.2
684.9594914913177,29.4
685.2033965587616,32.2
685.4437525272369,30.0
685.6830017566681,30.0
685.9078230857849,30.0
686.1310548782349,30.0
686.3541769981384,30.0
686.5940849781036,30.0
686.8334259986877,30.0
687.0566353797913,30.0
687.280277967453,30.0
687.5035755634308,30.0
687.7446537017822,29.4
687.9840977191925,32.2
688.2238566875458,29.4
688.4473974704742,32.2
688.6706392765045,30.0
688.8941345214844,30.0
689.1340897083282,30.0
689.3735597133636,30.0
689.5972216129303,30.0
689.8205437660217,30.0
690.0446147918701,30.0
690.2840924263,29.4
690.5242872238159,32.2
690.7642464637756,29.4
691.0053181648254,32.2
691.2294819355011,30.0
691.4523057937622,30.0
691.6756157875061,30.0
691.9202234745026,30.0
692.1435902118683,30.0
692.3678221702576,30.0
692.5918433666229,30.0
692.8316595554352,30.0
693.0725309848785,30.0
693.3135964870453,30.0
693.5533213615417,29.4
693.7768483161926,32.2
694.0002546310425,30.0
694.2235329151154,30.0
694.4642908573151,30.0
694.7047972679138,30.0
694.9306421279907,30.0
695.1536326408386,30.0
695.3765795230865,30.0
695.6162402629852,29.4
695.8402070999146,32.2
696.0639185905457,30.0
696.2869424819946,30.0
696.5268998146057,29.4
696.7508780956268,32.2
696.9742679595947,30.0
697.1983013153076,30.0
697.4382796287537,29.4
697.6780791282654,32.2
697.9197800159454,29.4
698.1609785556793,32.2
698.4014763832092,29.4
698.641619682312,32.2
698.8818256855011,30.0
699.1218950748444,30.0
699.3634128570557,30.0
699.6023890972137,30.0
699.8408358097076,30.0
700.0824110507965,30.0
700.3227732181549,29.4
700.5642199516296,32.2
700.8050920963287,30.0
701.0457332134247,30.0
701.286057472229,30.0
701.5088419914246,30.0
701.7325458526611,30.0
701.9553434848785,30.0
702.1952748298645,30.0
702.4398651123047,30.0
702.6786572933197,30.0
702.9019477367401,30.0
703.1262321472168,30.0
703.3489878177643,30.0
703.588606595993,30.0
703.8290965557098,30.0
704.0527830123901,30.0
704.2754988670349,30.0
704.4980971813202,30.0
704.7380816936493,29.4
704.9609746932983,32.2
705.184074640274,30.0
705.4088156223297,30.0
705.6497735977173,29.4
705.8898742198944,32.2
706.1307258605957,29.4
706.3720262050629,32.2
706.5951936244965,30.0
706.8183877468109,30.0
707.0417366027832,30.0
707.2807185649872,30.0
707.5043284893036,30.0
707.7276470661163,30.0
707.9507343769073,30.0
708.1898212432861,29.4
708.4131171703339,32.2
708.6366896629333,30.0
708.8597192764282,30.0
709.0989463329315,30.0
709.3223404884338,30.0
709.5454857349396,30.0
709.7687029838562,30.0
710.0075490474701,29.4
710.2470936775208,32.2
710.4705674648285,30.0
710.695615530014,30.0
710.9189922809601,30.0
711.1577882766724,30.0
711.3973822593689,29.4
711.6361842155457,32.2
711.8756153583527,29.4
712.1158726215363,32.2
712.3389599323273,30.0
712.562020778656,30.0
712.7851705551147,30.0
713.0248355865479,29.4
713.2487292289734,32.2
713.471750497818,30.0
713.6972754001617,30.0
713.9361288547516,30.0
714.1752951145172,30.0
714.4151785373688,30.0
714.6561803817749,30.0
714.8803098201752,30.0
715.104222536087,30.0
715.3278987407684,30.0
715.5699899196625,30.0
715.7938525676727,30.0
716.0178360939026,30.0
716.241685628891,30.0
716.4806735515594,30.0
716.7252333164215,29.4
716.9643650054932,32.2
717.2033832073212,29.4
717.4444394111633,32.2
717.6678984165192,30.0
717.8916482925415,30.0
718.1147129535675,30.0
718.3540880680084,30.0
718.5929033756256,30.0
718.8319435119629,29.4
719.0716533660889,32.2
719.2950913906097,30.0
719.5181963443756,30.0
719.7415478229523,30.0
719.9804933071136,30.0
720.2202482223511,30.0
720.462219953537,30.0
720.6858112812042,30.0
720.9085977077484,30.0
721.1315894126892,30.0
721.3715312480927,29.4
721.6111350059509,31.7
721.8500738143921,30.0
722.089138507843,29.4
722.3124544620514,32.2
722.5362632274628,30.0
722.7595672607422,30.0
722.9991722106934,30.0
723.2381281852722,30.0
723.4787919521332,29.4
723.7185347080231,32.2
723.9423060417175,30.0
724.1653935909271,30.0
724.3885271549225,30.0
724.6280660629272,30.0
724.86851978302,29.4
725.1074867248535,32.2
725.3473253250122,29.4
725.5864930152893,32.2
725.8257913589478,30.0
726.0495295524597,30.0
726.2728848457336,30.0
726.4961903095245,30.0
726.7352006435394,30.0
726.9747431278229,30.0
727.219007730484,30.0
727.4578990936279,30.0
727.6977894306183,30.0
727.9211804866791,30.0
728.1445815563202,30.0
728.3681344985962,30.0
728.6075537204742,30.0
728.8474977016449,29.4
729.0709192752838,32.2
729.2937092781067,30.0
729.5173077583313,30.0
729.7565217018127,29.4
729.9800534248352,32.2
730.2032482624054,30.0
730.4260287284851,30.0
730.6657621860504,30.0
730.9054715633392,30.0
731.1453235149384,29.4
731.3842670917511,32.2
731.6233294010162,30.0
731.8641593456268,29.4
732.0877795219421,32.2
732.3108866214752,30.0
732.533834695816,30.0
732.7730860710144,29.4
733.0130841732025,32.2
733.2523512840271,30.0
733.4913048744202,30.0
733.7307741641998,30.0
733.9704954624176,30.0
734.2129778862,30.0
734.4542081356049,30.0
734.6957519054413,29.4
734.936751127243,32.2
735.1776714324951,30.0
735.4191434383392,30.0
735.6421308517456,30.0
735.8650026321411,30.0
736.0881700515747,30.0
736.3273115158081,30.0
736.5520949363708,30.0
736.7750179767609,30.0
736.9984834194183,30.0
737.2390112876892,30.0
737.4625940322876,30.0
737.686060667038,30.0
737.9092152118683,30.0
738.1478502750397,29.4
738.3874151706696,31.7
738.6285943984985,29.4
738.8687205314636,32.2
739.1076872348785,29.4
739.3477780818939,32.2
739.5874121189117,30.0
739.8108551502228,30.0
740.0342416763306,30.0
740.2578682899475,30.0
740.4971027374268,30.0
740.7377038002014,30.0
740.9771256446838,30.0
741.2193961143494,29.4
741.4595277309418,32.2
741.6992118358612,30.0
741.9392762184143,30.0
742.1790204048157,29.4
742.4196603298187,32.2
742.6605801582336,30.0
742.9001739025116,30.0
743.123685836792,30.0
743.3469183444977,30.0
743.570467710495,30.0
743.81006026268,29.4
744.0497081279755,32.2
744.2732336521149,30.0
744.497323513031,30.0
744.7210659980774,30.0
744.960738658905,30.0
745.200293302536,30.0
745.4237928390503,30.0
745.6471085548401,30.0
745.8711760044098,30.0
746.1105859279633,30.0
746.3335859775543,30.0
746.5570380687714,30.0
746.7805871963501,30.0
747.0208818912506,29.4
747.2627947330475,32.2
747.5060513019562,29.4
747.745031118393,32.2
747.9830856323242,30.0
748.2256269454956,30.0
748.4634728431702,30.0
748.7014074325562,30.0
748.9392001628876,29.4
749.1792163848877,32.2
749.4186091423035,30.0
749.6417942047119,30.0
749.8648612499237,30.0
750.087694644928,30.0
750.3272063732147,30.0
750.5681412220001,30.0
750.7914581298828,30.0
751.0146462917328,30.0
751.240297794342,30.0
751.4792840480804,30.0
751.7195568084717,30.0
751.9427599906921,30.0
752.1657471656799,30.0
752.3887343406677,30.0
752.6276218891144,29.4
752.8680126667023,32.2
753.0910172462463,30.0
753.3139498233795,30.0
753.5371840000153,30.0
753.7762598991394,29.4
754.0161888599396,32.2
754.242152929306,30.0
754.465208530426,30.0
754.6883039474487,30.0
754.9276554584503,30.0
755.168074131012,29.4
755.4076762199402,32.2
755.6471164226532,29.4
755.8860001564026,32.2
756.1092278957367,30.0
756.3327314853668,30.0
756.5558850765228,30.0
756.7953948974609,30.0
757.0352687835693,29.4
757.2750144004822,32.2
757.4988651275635,30.0
757.7219116687775,30.0
757.9466679096222,30.0
758.1855356693268,30.0
758.4243032932281,30.0
758.6638686656952,30.0
758.9031202793121,30.0
759.1264405250549,30.0
759.3495125770569,30.0
759.5727789402008,30.0
759.8128292560577,29.4
760.0516693592072,32.2
760.2910614013672,29.4
760.5140860080719,32.2
760.7373991012573,30.0
760.9632093906403,30.0
761.2022490501404,30.0
761.441023349762,30.0
761.6801812648773,30.0
761.9192068576813,30.0
762.1428508758545,30.0
762.3659119606018,30.0
762.5889739990234,30.0
762.8280453681946,29.4
763.0675058364868,32.2
763.3080670833588,29.4
763.5315892696381,32.2
763.7546763420105,30.0
763.9778897762299,30.0
764.217579126358,30.0
764.4418768882751,30.0
764.6650972366333,30.0
764.8880534172058,30.0
765.1277701854706,29.4
765.3844954967499,32.2
765.6081883907318,30.0
765.8312916755676,30.0
766.0551376342773,30.0
766.2953953742981,29.4
766.5356743335724,32.2
766.7772517204285,30.0
767.0180850028992,30.0
767.2588174343109,30.0
767.4998109340668,30.0
767.7429292201996,30.0
767.9852805137634,29.4
768.2247986793518,32.2
768.4673397541046,29.4
768.706342458725,32.2
768.9455499649048,30.0
769.185949087143,30.0
769.4254713058472,30.0
769.6488120555878,30.0
769.8717834949493,30.0
770.0950891971588,29.4
770.3357489109039,32.2
770.5754523277283,30.0
770.815450668335,30.0
771.0555341243744,30.0
771.2788031101227,30.0
771.5039694309235,30.0
771.7274713516235,30.0
771.9667367935181,30.0
772.2057690620422,30.0
772.4478051662445,29.4
772.6715762615204,32.2
772.8952159881592,30.0
773.1181049346924,30.0
773.3571774959564,30.0
773.5963816642761,30.0
773.8365232944489,29.4
774.0754868984222,32.2
774.2983889579773,30.0
774.5213665962219,30.0
774.7450611591339,30.0
774.9849126338959,29.4
775.2239720821381,32.2
775.4635646343231,29.4
775.7054932117462,32.2
775.9450101852417,30.0
776.1685831546783,30.0
776.3918583393097,30.0
776.6156158447266,30.0
776.8554866313934,30.0
777.0789687633514,30.0
777.3023455142975,30.0
777.5259265899658,30.0
777.7665531635284,30.0
778.0072393417358,29.4
778.2475233078003,32.2
778.4715130329132,30.0
778.6940705776215,30.0
778.9174981117249,30.0
779.1560263633728,30.0
779.3954544067383,30.0
779.6357798576355,29.4
779.8752744197845,32.2
780.0983581542969,30.0
780.3212282657623,30.0
780.5441281795502,30.0
780.7843253612518,30.0
781.0248055458069,29.4
781.2667617797852,32.2
781.4896352291107,30.0
781.712610244751,30.0
781.9363503456116,30.0
782.1765038967133,29.4
782.4165847301483,32.2
782.657012462616,30.0
782.8968222141266,30.0
783.1387174129486,30.0
783.3626236915588,30.0
783.586190700531,30.0
783.8093111515045,30.0
784.0483002662659,29.4
784.2884654998779,32.2
784.512006521225,30.0
784.735244512558,30.0
784.9599254131317,30.0
785.1986844539642,30.0
785.4388053417206,30.0
785.6778013706207,29.4
785.9170310497284,32.2
786.1573626995087,30.0
786.3982131481171,29.4
786.6380076408386,32.2
786.8613173961639,30.0
787.0849640369415,30.0
787.3079314231873,30.6
787.5490617752075,30.0
787.7888343334198,30.0
788.0120372772217,30.0
788.2351107597351,30.0
788.4582855701447,30.0
788.6972570419312,30.0
788.9214181900024,30.0
789.1450700759888,30.0
789.368020772934,30.0
789.6072106361389,29.4
789.8308992385864,32.2
790.0541672706604,30.0
790.2774519920349,30.0
790.5174043178558,29.4
790.7567031383514,32.2
790.996533870697,29.4
791.2202703952789,32.8
791.4447650909424,30.0
791.6674008369446,30.0
791.9061019420624,30.0
792.1452968120575,30.0
792.3856801986694,30.0
792.626460313797,30.0
792.850376367569,30.0
793.0739617347717,30.0
793.2970750331879,30.0
793.5384521484375,30.0
793.7622992992401,30.0
793.9858770370483,30.0
794.2094776630402,30.0
794.4488430023193,29.4
794.6889011859894,32.2
794.9303991794586,30.0
795.1547648906708,30.0
795.3785333633423,30.0
795.6024875640869,30.0
795.8424332141876,29.4
796.0814723968506,32.2
796.3226664066315,29.4
796.5467295646667,32.2
796.7703070640564,30.0
796.9938433170319,30.0
797.2327725887299,30.0
797.4719498157501,30.0
797.7111628055573,30.0
797.9526796340942,30.0
798.1947104930878,30.0
798.4348499774933,30.0
798.6740322113037,29.4
798.8979749679565,32.2
799.1215000152588,30.0
799.3451673984528,30.0
799.5842521190643,29.4
799.8249340057373,32.2
800.0643725395203,30.0
800.3049032688141,30.0
800.5457136631012,30.0
800.7716655731201,30.0
800.9949016571045,30.0
801.2185487747192,30.0
801.4585239887238,29.4
801.6821484565735,32.8
801.9047269821167,30.0
802.1282126903534,30.0
802.3674488067627,30.0
802.5907537937164,30.0
802.8145287036896,30.0
803.0376381874084,30.0
803.2765324115753,30.0
803.5155377388,29.4
803.7588932514191,32.2
803.9993824958801,29.4
804.2410337924957,32.2
804.485157251358,29.4
804.7081198692322,32.8
804.9310896396637,30.0
805.1576449871063,30.0
805.3973042964935,30.0
805.6228678226471,30.0
805.8491361141205,30.0
806.073127746582,30.0
806.3162927627563,29.4
806.5404150485992,32.2
806.7646732330322,30.0
806.987824678421,30.0
807.2276639938354,30.0
807.4515960216522,30.0
807.6747360229492,30.0
807.8980140686035,30.0
808.1373283863068,30.0
808.3610210418701,30.0
808.5844469070435,30.0
808.8077516555786,30.0
809.0487563610077,29.4
809.2903180122375,32.2
809.5146119594574,30.0
809.7381126880646,30.0
809.9614815711975,30.0
810.2004401683807,30.0
810.4392728805542,30.0
810.6626582145691,30.0
810.8865189552307,30.0
811.1097803115845,30.0
811.3488869667053,29.4
811.5877814292908,32.2
811.8115665912628,30.0
812.0363104343414,30.0
812.2597126960754,30.0
812.4987328052521,30.0
812.7220647335052,30.0
812.9452712535858,30.0
813.1688346862793,30.0
813.4078443050385,29.4
813.6477828025818,31.7
813.8713684082031,30.0
814.0948867797852,30.0
814.3185429573059,30.0
814.5577878952026,29.4
814.7974998950958,32.2
815.0223619937897,30.0
815.2450280189514,30.0
815.4685308933258,30.0
815.70783162117,29.4
815.9467031955719,32.2
816.1860504150391,29.4
816.425900220871,32.2
816.6678054332733,30.0
816.9086401462555,30.0
817.1496584415436,30.0
817.3910908699036,29.4
817.6317324638367,32.2
817.8748445510864,30.0
818.0987434387207,30.0
818.3223214149475,30.0
818.5456411838531,30.0
818.787725687027,30.0
819.0124673843384,30.0
819.236570596695,30.0
819.4605295658112,30.0
819.702255487442,30.0
819.926516532898,30.0
820.1512007713318,30.0
820.3752241134644,30.0
820.6168751716614,29.4
820.8587055206299,32.2
821.1008453369141,29.4
821.343772649765,32.2
821.5854458808899,30.0
821.8247561454773,30.0
822.0640516281128,30.0
822.3033318519592,29.4
822.544625043869,32.2
822.7838962078094,30.0
823.0235068798065,29.4
823.2634222507477,32.2
823.5031020641327,30.0
823.7439134120941,30.0
823.9876432418823,30.0
824.2278482913971,30.0
824.4684517383575,30.0
824.7095413208008,30.0
824.9334607124329,30.0
825.1562895774841,30.0
825.3797812461853,30.0
825.6179411411285,30.0
825.8419218063354,30.0
826.0654399394989,30.0
826.2886579036713,30.0
826.5269672870636,29.4
826.750274181366,32.2
826.9732086658478,30.0
827.196638584137,30.0
827.4352383613586,30.0
827.674008846283,30.0
827.9121959209442,29.4
828.1352927684784,32.2
828.3582456111908,30.0
828.5810439586639,30.0
828.8187961578369,30.0
829.057400226593,30.0
829.282648563385,30.0
829.5057148933411,30.0
829.7280793190002,30.0
829.9665215015411,29.4
830.2048349380493,32.2
830.4278328418732,30.0
830.6507830619812,30.0
830.873220205307,30.0
831.1110415458679,29.4
831.3501982688904,31.7
831.5885939598083,29.4
831.8286180496216,32.2
832.0514578819275,30.0
832.2777738571167,30.0
832.5009858608246,30.0
832.7412202358246,30.0
832.9654715061188,30.0
833.1878435611725,30.0
833.4101309776306,30.0
833.6482839584351,30.0
833.8711795806885,30.0
834.0942101478577,30.0
834.316552400589,30.0
834.5570204257965,29.4
834.7954230308533,32.2
835.018351316452,30.0
835.2412693500519,30.0
835.4636740684509,30.0
835.7013919353485,30.0
835.9396307468414,29.4
836.1777408123016,32.2
836.4013459682465,30.0
836.6240556240082,30.0
836.8466086387634,30.0
837.0856032371521,29.4
837.3243391513824,32.2
837.5640163421631,30.0
837.8026688098907,30.0
838.0411148071289,30.0
838.2639899253845,30.0
838.4869425296783,30.0
838.7105331420898,30.0
838.9489877223969,29.4
839.1720886230469,32.2
839.3950226306915,30.0
839.6179802417755,30.0
839.8578033447266,29.4
840.0965592861176,32.2
840.3350849151611,29.4
840.5580995082855,32.2
840.7809793949127,30.0
841.0050044059753,30.0
841.2434012889862,30.0
841.4827401638031,29.4
841.7214419841766,32.2
841.960206747055,30.0
842.1997091770172,30.0
842.4385297298431,30.0
842.6789515018463,30.0
842.9017000198364,30.0
843.1248390674591,30.0
843.3484117984772,30.0
843.5873715877533,29.4
843.8258531093597,32.2
844.0649070739746,30.0
844.3052053451538,29.4
844.5459504127502,32.2
844.7690689563751,30.0
844.991651058197,30.0
845.2143805027008,30.0
845.4520001411438,30.0
845.690648317337,30.0
845.9295437335968,29.4
846.168295621872,32.2
846.391458272934,30.0
846.6141550540924,30.0
846.8376355171204,30.0
847.0766627788544,30.0
847.3158802986145,30.0
847.5558981895447,30.0
847.7951292991638,29.4
848.0349409580231,32.2
848.2735323905945,29.4
848.5120294094086,32.2
848.7513086795807,30.0
848.9743766784668,30.0
849.1982970237732,30.0
849.4209580421448,30.0
849.6595125198364,30.0
849.8981873989105,30.0
850.1371376514435,30.0
850.376442193985,30.0
850.6146242618561,29.4
850.8531069755554,32.2
851.0759189128876,30.0
851.2981326580048,30.0
851.5212428569794,30.0
851.7595491409302,29.4
851.9820067882538,32.2
852.2044503688812,30.0
852.4269435405731,30.0
852.6661024093628,30.0
852.8890926837921,30.0
853.111494064331,30.0
853.3338582515717,30.0
853.5717008113861,30.0
853.8106212615967,29.4
854.0535259246826,32.2
854.2938952445984,29.4
854.5332653522491,32.2
854.7738928794861,29.4
855.0157685279846,32.2
855.2565088272095,30.0
855.4974558353424,30.0
855.7382872104645,30.0
855.9802539348602,30.0
856.2209141254425,30.0
856.4594528675079,29.4
856.700133562088,32.2
856.940970659256,30.0
857.1804087162018,30.0
857.41974568367,29.4
857.6616036891937,32.2
857.9023835659027,30.0
858.1434075832367,30.0
858.3843731880188,30.0
858.6092844009399,30.0
858.8327462673187,30.0
859.0555684566498,30.0
859.294139623642,30.0
859.5326533317566,30.0
859.772253036499,30.0
860.0126247406006,30.0
860.2505693435669,29.4
860.4879462718964,32.2
860.7253460884094,29.4
860.96457695961,32.2
861.2021934986115,29.4
861.4395699501038,32.2
861.6771969795227,30.0
861.9148185253143,30.0
862.1531851291656,30.0
862.3907589912415,30.0
862.628867149353,30.0
862.8671147823334,30.0
863.1047344207764,30.0
863.3431148529053,30.0
863.5805690288544,30.0
863.818674325943,29.4
864.056482553482,32.2
864.2941136360168,29.4
864.533230304718,32.2
864.7712478637695,30.0
865.0093929767609,29.4
865.247416973114,32.2
865.4856283664703,30.0
865.7245426177979,30.0
865.9627435207367,30.0
866.2009043693542,30.0
866.439019203186,30.0
866.6772255897522,30.0
866.9164500236511,30.0
867.1545503139496,30.0
867.392733335495,30.0
867.6311519145966,29.4
867.869371175766,32.2
868.1084098815918,30.0
868.3473210334778,30.0
868.5855112075806,29.4
868.8236541748047,32.2
869.0759766101837,30.0
869.3151268959045,30.0
869.5530898571014,30.0
869.7921576499939,30.0
870.0149910449982,30.0
870.2374246120453,30.0
870.4604260921478,30.0
870.6993806362152,29.4
870.9222042560577,32.8
871.145206451416,30.0
871.368414402008,30.0
871.6082420349121,30.0
871.8478491306305,30.0
872.0871469974518,30.0
872.3263466358185,30.0
872.5676188468933,29.4
872.8089528083801,32.2
873.0474858283997,29.4
873.2865753173828,32.2
873.5268661975861,29.4
873.7665786743164,32.2
874.0059382915497,30.0
874.2450232505798,30.0
874.4839656352997,30.0
874.7074358463287,30.0
874.9311292171478,30.0
875.1542780399323,30.0
875.3928399085999,30.0
875.6316962242126,30.0
875.8713536262512,30.0
876.0945739746094,30.0
876.3176763057709,30.0
876.5421750545502,30.0
876.7824172973633,29.4
877.0226874351501,32.2
877.2634506225586,30.0
877.5036351680756,29.4
877.7438611984253,32.2
877.985239982605,30.0
878.2257549762726,30.0
878.4662747383118,30.0
878.7066156864166,30.0
878.9470977783203,29.4
879.1876652240753,32.2
879.4290506839752,30.0
879.6695392131805,30.0
879.9109425544739,30.0
880.1515190601349,29.4
880.3922986984253,32.2
880.6327013969421,30.0
880.8726801872253,30.0
881.0962791442871,30.0
881.3192296028137,30.0
881.5425968170166,30.0
881.7820570468903,30.0
882.0055527687073,30.0
882.2288029193878,30.0
882.4518585205078,30.0
882.6910152435303,29.4
882.9148206710815,32.2
883.13804936409,30.0
883.3611690998077,30.0
883.5990126132965,29.4
883.8378522396088,32.2
884.0760543346405,29.4
884.314070224762,32.2
884.5535781383514,30.0
884.791476726532,29.4
885.0310606956482,32.2
885.269852399826,30.0
885.5080082416534,30.0
885.7460150718689,30.0
885.9842557907104,30.0
886.2221138477325,30.0
886.4607074260712,30.0
886.6985647678375,29.4
886.936845779419,32.2
887.1747796535492,30.0
887.4124457836151,30.0
887.6502621173859,30.0
887.8926627635956,30.0
888.1314527988434,30.0
888.3696038722992,30.0
888.592670917511,30.0
888.8153681755066,30.0
889.0380818843842,30.0
889.2790954113007,30.0
889.5024883747101,30.0
889.7249028682709,30.0
889.9472570419312,30.0
890.1857957839966,29.4
890.4242610931396,32.2
890.6473667621613,30.0
890.8699870109558,30.0
891.0927093029022,30.0
891.330667257309,29.4
891.5532381534576,32.2
891.7757577896118,30.0
891.9987287521362,30.0
892.2366027832031,29.4
892.4595150947571,32.2
892.6820039749146,30.0
892.9045038223267,30.0
893.1424512863159,30.0
893.3814849853516,30.0
893.6044497489929,30.0
893.8290829658508,30.0
894.051451921463,30.0
894.2885432243347,30.0
894.5256719589233,30.0
894.7638123035431,29.4
895.0014107227325,32.2
895.239639043808,30.0
895.477531671524,29.4
895.714940071106,32.2
895.9525859355927,29.4
896.190680027008,32.2
896.4280409812927,30.0
896.6655237674713,30.0
896.9029545783997,30.0
897.1401340961456,30.0
897.3776230812073,30.0
897.618674993515,30.0
897.8585362434387,29.4
898.08141040802,32.8
898.3049201965332,30.0
898.5277948379517,30.0
898.7675042152405,30.0
899.0082521438599,30.0
899.2476427555084,30.0
899.4872906208038,30.0
899.727278470993,29.4
899.9672288894653,32.2
900.2073874473572,30.0
900.4486858844757,30.0
900.6892857551575,29.4
900.9294943809509,32.2
901.1696519851685,30.0
901.4101433753967,30.0
901.6507227420807,30.0
901.891988992691,30.0
902.1322550773621,29.4
902.3725621700287,32.2
902.6129009723663,30.0
902.8530344963074,30.0
903.092679977417,30.0
903.3343703746796,30.0
903.5726144313812,30.0
903.7953562736511,30.0
904.0181028842926,30.0
904.2408738136292,30.0
904.4803280830383,30.0
904.7209725379944,30.0
904.9604578018188,30.0
905.2000079154968,30.0
905.4397485256195,29.4
905.6792740821838,32.2
905.9187619686127,29.4
906.1592266559601,32.2
906.3989458084106,29.4
906.6390862464905,32.2
906.8785018920898,30.0
907.1178946495056,30.0
907.3578915596008,30.0
907.5810463428497,30.0
907.8033335208893,30.0
908.0258121490479,30.0
908.2634809017181,30.0
908.4859733581543,30.0
908.7083747386932,30.0
908.9313666820526,30.0
909.1689927577972,30.0
909.4072952270508,30.0
909.6453273296356,29.4
909.8830933570862,32.8
910.1214444637299,29.4
910.3618321418762,32.2
910.6006543636322,30.0
910.8387944698334,30.0
911.0805461406708,30.0
911.3207893371582,30.0
911.5620875358582,30.0
911.8010098934174,30.0
912.0232353210449,30.0
912.2451798915863,30.0
912.4674191474915,30.0
912.704745054245,30.0
912.9423534870148,29.4
913.1807143688202,32.2
913.4198207855225,29.4
913.6573376655579,32.2
913.8956263065338,30.0
914.1352870464325,30.0
914.3747220039368,30.0
914.615439414978,30.0
914.8583633899689,30.0
915.0977659225464,30.0
915.3372118473053,30.0
