73.0683403015
68.3887839317
58.9189367294
73.5604934692
52.3691983223
73.8516840935
74.1223683357
65.3866496086
74.5735087395
63.5779867172
73.3800373077
48.5222010612
71.7231216431
58.5580244064
66.4488801956
99.7020292282
74.4586730003
75.2256116867
61.7529187202
74.2618117332
48.4360742569
70.464029789
67.0148563385
72.9822134972
74.5119895935
73.8598866463
68.1016945839
61.1992464066
73.8762917519
72.4162373543
70.4681310654
62.9094786644
70.2384595871
71.2842850685
73.0601377487
62.4501357079
63.926595211
64.5910019875
61.5150446892
80.2947893143
72.9945173264
62.7864403725
68.4626069069
58.0781750679
71.6041846275
71.7477293015
67.4577941895
67.8187065125
74.8031802177
60.7686123848
54.8873820305
81.0535254478
72.5925922394
63.7994556427
66.9041218758
49.0840759277
50.9911694527
50.2898511887
50.8107132912
48.0628581047
51.881146431
50.8640298843
56.2900185585
47.7634649277
48.2433142662
51.7417030334
48.3540487289
50.1134963036
50.8066120148
51.5325379372
50.8148145676
58.0371623039
52.8326425552
40.1309895515
49.8264069557
51.8442349434
61.9456787109
40.1391921043
50.0314707756
55.7650551796
77.0793886185
27.6959195137
44.0477085114
50.9501566887
50.2078256607
73.7368483543
29.5578989983
73.9624185562
26.1907510757
48.9569363594
51.7704119682
50.3103575706
69.4674196243
71.2186646461
47.3410334587
78.1088089943
74.2125964165
72.7402381897
70.8331446648
64.0783424377
72.3465156555
65.3046240807
72.8099598885
61.1336259842
73.8024687767
66.9041218758
67.6628580093
71.124335289
73.4456577301
70.8126382828
50.6302571297
73.0109224319
72.0553250313
67.0722742081
74.2782168388
68.9506587982
60.2887630463
60.7029919624
72.9370994568
61.1377272606
79.1628370285
72.0881352425
62.2942872047
72.4613513947
60.5266370773
70.7921319008
58.1232891083
56.5689053535
73.3021130562
72.4900603294
73.0109224319
71.3376016617
72.3588194847
55.7814602852
72.0553250313
76.0007529259
60.6414728165
61.1746387482
66.3258419037
64.9437117577
56.1587777138
62.6798071861
62.9627952576
62.6921110153
75.0246491432
57.4055657387
67.515212059
67.9540486336
72.9535045624
71.1940569878
84.9825482368
74.1387734413
71.9527931213
66.6498427391
41.8453230858
74.1469759941
67.4372878075
71.4688425064
60.6291689873
71.124335289
63.0530233383
54.3952288628
71.0587148666
67.3921737671
71.0464110374
61.4084115028
69.9226613045
71.8625650406
51.8852477074
62.2942872047
73.1257581711
77.9447579384
69.6437745094
75.6193342209
72.0594263077
71.6903114319
72.7812509537
54.5633811951
72.1414518356
73.2652015686
61.5478549004
74.2166976929
53.3781123161
73.6835317612
54.7520399094
74.1838874817
70.8741574287
72.0389199257
60.1821298599
63.9963169098
72.9165930748
55.0022177696
65.3456368446
69.5986604691
72.8755803108
89.8835735321
66.7482733727
71.2842850685
53.2099599838
56.1177649498
71.2186646461
79.1710395813
62.3599076271
72.547478199
54.1655573845
55.3549275398
71.4893488884
73.712240696
61.0885119438
79.0274949074
68.7250885963
63.1309475899
81.9968190193
67.0763754845
54.4034314156
72.9370994568
61.9497799873
66.6990580559
72.0635275841
70.2384595871
61.4699306488
61.3715000153
64.3613305092
69.0777983665
60.5512447357
75.4388780594
62.1712489128
63.3401126862
56.8149819374
71.6739063263
61.9497799873
73.712240696
72.9535045624
57.4055657387
51.5899558067
69.5084323883
61.0228915215
73.2528977394
60.9613723755
66.6457414627
72.0758314133
60.9777774811
64.6197109222
62.3270974159
60.5840549469
72.8591752052
67.4085788727
60.5881562233
69.8283319473
72.2767939568
71.083322525
70.6403846741
78.7116966248
63.6600122452
69.1393175125
65.8213849068
56.8272857666
72.4818577766
63.0981373787
60.6496753693
60.9449672699
73.5112781525
60.6004600525
61.461728096
63.647708416
72.0840339661
66.514500618
54.0015063286
58.9394431114
67.133793354
85.4664988518
72.0307173729
73.3964424133
70.6895999908
65.6368274689
73.6384177208
65.1159653664
57.7787818909
68.2329354286
66.9656410217
66.4898929596
70.2220544815
69.5289387703
66.1248793602
52.5783634186
67.8884282112
63.9512028694
72.3137054443
71.2022595406
65.0339398384
60.9572710991
55.687130928
66.6170325279
72.3506169319
69.5863566399
66.7154631615
61.5191459656
58.3242516518
62.4255280495
65.3210291862
72.8960866928
56.913412571
65.690144062
49.6500520706
68.3477711678
74.1059632301
61.8267416954
74.1018619537
68.2616443634
67.9704537392
60.3010668755
66.2274112701
69.6683821678
58.1560993195
76.0376644135
62.2614769936
61.4699306488
60.3666872978
96.6998949051
65.9567270279
75.0574593544
72.4121360779
67.8802256584
63.5328726768
73.330821991
68.5815439224
45.0771288872
74.2987232208
73.7860636711
68.3969864845
79.1792421341
66.5473108292
72.4121360779
55.4656620026
60.6455740929
86.4631090164
74.9508261681
76.0089554787
52.8449463844
76.1319937706
64.6156096458
60.4569153786
53.0910229683
61.4084115028
69.6478757858
72.4982628822
67.6423516273
71.9774007797
68.8686332703
67.5275158882
64.9765219688
73.4251513481
72.8837828636
75.5291061401
53.2468714714
74.1715836525
51.5817532539
73.3718347549
77.0998950005
61.4863357544
73.8311777115
72.0963377953
70.4107131958
49.2645320892
62.4911484718
58.9599494934
75.4511818886
65.1897883415
61.5273485184
75.1969027519
59.759698391
69.5576477051
74.2413053513
73.8516840935
71.1817531586
73.8065700531
66.3258419037
56.4048542976
69.9472689629
51.4628162384
59.2839503288
74.2207989693
73.7286458015
68.0483779907
48.4483780861
31.7192716599
61.1131196022
85.2040171623
70.7880306244
51.0854988098
71.1161327362
64.9026989937
66.7113618851
62.864364624
72.4121360779
64.369533062
47.6732368469
73.7901649475
73.351328373
72.9042892456
72.99041605
66.7359695435
74.6186227798
54.3542160988
65.6942453384
64.0168232918
73.3390245438
67.6300477982
64.7960658073
70.7798280716
48.5263023376
62.26557827
70.2302570343
72.4736552238
66.2356138229
79.7411170006
72.4613513947
53.603682518
60.6537766457
46.2993092537
57.3973631859
59.3741784096
51.0198783875
85.0440673828
56.8682985306
70.3491940498
64.7919645309
62.2368693352
60.5553460121
56.3597402573
67.1419959068
68.6143541336
60.9244608879
62.3147935867
61.904665947
61.4904370308
58.8902277946
72.3875284195
62.7167186737
60.5922574997
78.4123034477
48.8790121078
74.991838932
69.742205143
63.1924667358
71.2145633698
72.4162373543
72.4203386307
65.8213849068
94.3457622528
59.1486082077
56.9093112946
74.9139146805
71.907679081
60.7522072792
74.1592798233
74.1961913109
54.4772543907
74.1182670593
59.9483571053
67.215818882
73.7491521835
74.3356347084
53.3535046577
53.1607446671
60.7440047264
60.6947894096
72.9124917984
73.6753292084
62.2409706116
74.1469759941
57.3686542511
65.070851326
74.9262185097
71.0587148666
68.278049469
73.1708722115
61.080309391
54.0302152634
74.1592798233
65.132370472
60.1329145432
72.8304662704
63.9635066986
69.2869634628
61.5601587296
62.7577314377
61.4740319252
67.1255908012
64.1726717949
57.7541742325
34.4671268463
72.8181624413
74.4709768295
64.1849756241
71.4606399536
61.4494242668
64.3203177452
66.4242725372
53.8620629311
74.4750781059
72.4818577766
63.0448207855
72.7771496773
61.904665947
76.8210082054
66.1863985062
69.0326843262
57.2866287231
54.4690518379
73.6671266556
60.5881562233
69.2172417641
70.6649923325
63.0079092979
72.0184135437
70.2384595871
63.5820879936
62.6141867638
79.5278506279
65.091357708
72.3383131027
71.5303616524
65.0462436676
72.4736552238
56.109562397
62.4009203911
72.0020084381
68.9670639038
71.8338561058
78.9987859726
68.9424562454
44.2773799896
63.0858335495
70.8126382828
72.0758314133
73.3185181618
63.6231007576
83.0754547119
3.25641345978
64.709939003
61.0187902451
71.1325378418
75.4224729538
59.8540277481
61.4535255432
73.3554296494
61.059803009
59.8745341301
71.5795769691
66.6949567795
62.3106923103
72.4121360779
61.8349442482
60.780916214
55.7773590088
64.6730275154
74.3028244972
72.8550739288
69.4469132423
59.4356975555
70.783929348
57.8238959312
60.1042056084
59.4397988319
61.0064864159
73.2323913574
71.4893488884
69.783217907
58.8779239655
72.8919854164
72.0717301369
61.8800582886
72.9740109444
59.0337724686
77.940656662
47.0949568748
82.0009202957
59.4356975555
72.4490475655
61.9948940277
66.1371831894
84.777484417
29.6563296318
58.4801001549
71.3006901741
69.5125336647
62.3065910339
49.9822554588
60.0549902916
62.7454276085
74.6432304382
61.9866914749
61.080309391
52.4307174683
68.4585056305
73.2652015686
85.2245235443
73.7286458015
70.8905625343
73.4046449661
62.82335186
48.313035965
72.6500101089
71.7928433418
62.0564131737
72.1537556648
70.4476246834
72.9658083916
73.7614560127
62.0318055153
53.3124918938
72.6541113853
59.8663315773
57.8115921021
67.2486290932
56.6509308815
61.0557017326
72.3055028915
61.2074489594
61.3756012917
62.3229961395
66.8015899658
70.3122825623
66.3668546677
71.4934501648
61.4781332016
74.1551785469
62.3804140091
75.0984721184
59.6202549934
72.145553112
70.1769404411
74.2372040749
54.5674824715
69.8611421585
61.4863357544
52.0246911049
74.2249002457
71.5918807983
63.2170743942
67.1707048416
72.0348186493
70.7921319008
53.5093531609
70.8290433884
74.6678380966
66.8631091118
61.9087672234
46.3444232941
53.6159863472
49.6090393066
49.2399244308
56.2038917542
47.0908555984
72.4613513947
49.0266580582
65.6081185341
41.5008158684
39.2738227844
43.1044149399
46.0327262878
58.2627325058
40.8979282379
50.5933456421
51.0034732819
51.1634230614
56.1628789902
41.4721069336
50.9050426483
51.3274741173
62.6551995277
37.4323496819
50.2201294899
53.8948731422
48.7764801979
72.0020084381
73.6466202736
69.762711525
59.6202549934
72.4244399071
74.0444440842
53.4519352913
72.0348186493
71.0053982735
66.1289806366
73.712240696
66.1494870186
73.4005436897
45.9096879959
72.8017573357
58.5826320648
70.7265114784
62.7495288849
63.1473526955
63.9758105278
53.9768986702
71.9650969505
72.0061097145
61.8923621178
63.5615816116
71.6410961151
53.1074280739
65.9895372391
61.4371204376
68.1427073479
63.7625441551
61.5724625587
51.9959821701
70.2589659691
70.722410202
75.053358078
63.2949986458
66.1412844658
62.8684659004
45.0607237816
63.7133288383
76.1648039818
61.9743876457
73.6343164444
73.7491521835
70.3368902206
56.7083487511
72.3752245903
81.787653923
65.9977397919
83.1082649231
71.6205897331
69.3935966492
66.8220963478
69.7791166306
50.3267626762
62.7372250557
67.8802256584
61.0639042854
68.4010877609
51.2741575241
61.9251723289
53.0869216919
58.5293154716
71.7272229195
45.8932828903
68.0729856491
66.4775891304
72.1168441772
70.8331446648
62.6839084625
61.6380829811
51.9098553658
72.1332492828
70.423017025
77.497718811
64.4679636955
69.0901021957
72.3465156555
45.8030548096
63.5820879936
70.4189157486
71.083322525
62.2368693352
64.3736343384
71.5180578232
51.9180579185
85.9422469139
70.0087881088
65.7639670372
73.9132032394
72.5966935158
61.6339817047
45.4503450394
61.9620838165
71.7026152611
69.660179615
68.9424562454
69.1885328293
77.9078464508
44.9130778313
60.5922574997
74.2741155624
72.928896904
71.2432723045
72.4162373543
53.583176136
47.1646785736
74.290520668
70.2712697983
70.3573966026
72.0512237549
58.2258210182
52.8285412788
62.3065910339
63.0284156799
62.3886165619
56.552500248
59.3495707512
50.2242307663
50.4949150085
51.0239796638
61.9620838165
39.5691146851
49.9781541824
67.3019456863
54.8709769249
29.2379994392
49.8141031265
50.9952707291
50.8845362663
72.526971817
30.9892444611
49.3014435768
50.8435235023
50.9542579651
50.5933456421
51.4546136856
50.1955218315
51.3315753937
51.4094996452
71.526260376
28.8688845634
50.0314707756
39.8069887161
53.5462646484
47.0047287941
67.535718441
57.4137682915
71.0546135902
50.7081813812
61.822640419
71.4729437828
71.9158816338
71.5631718636
63.0489220619
72.8345675468
59.4110898972
73.7942662239
71.9609956741
52.8490476608
72.0881352425
69.1844315529
71.403222084
60.9695749283
72.8796815872
70.3327889442
61.4371204376
63.6189994812
70.783929348
62.6182880402
52.3158817291
59.8868379593
72.6130986214
53.6405940056
63.4672522545
60.9162583351
60.120610714
62.4419331551
72.5351743698
62.6921110153
69.8570408821
61.3961076736
64.7673568726
63.1678590775
61.4699306488
71.7149190903
61.5724625587
70.5173463821
72.5310730934
54.4280390739
68.9014434814
60.6209664345
72.5966935158
68.4051890373
66.8918180466
72.969909668
55.9865241051
72.949403286
56.0972585678
61.4289178848
77.280351162
72.567984581
58.9845571518
65.3579406738
55.2811045647
57.6926550865
63.7174301147
72.5310730934
51.9262604713
63.6148982048
63.5410752296
62.7372250557
61.2115502357
74.3028244972
70.8659548759
69.2705583572
57.7377691269
60.5061306953
65.5507006645
71.6657037735
70.0990161896
60.6865868568
68.1222009659
75.9761452675
60.2149400711
62.3886165619
67.5849337578
62.2614769936
70.3368902206
66.3463482857
68.6020503044
76.0909810066
74.2987232208
62.8315544128
69.1516213417
67.6874656677
61.5314497948
69.2705583572
61.9661850929
66.6662478447
62.4419331551
66.2151074409
66.2684240341
60.4733204842
73.8844943047
73.8188738823
71.6616024971
65.2020921707
72.9535045624
66.7687797546
55.6994347572
82.6899347305
59.8253188133
69.4592170715
63.0735297203
66.5596146584
68.1837201118
63.5287714005
73.8352789879
56.6632347107
59.8663315773
51.9877796173
45.6102948189
56.3269300461
44.662899971
64.8247747421
34.3851013184
54.2188739777
48.333542347
47.2754130363
50.7327890396
50.4621047974
52.0739064217
46.7627534866
50.9952707291
49.2358231544
72.99041605
32.494412899
66.4488801956
65.00933218
23.6028456688
43.9697842598
47.1851849556
44.3758106232
59.3864822388
48.5386061668
52.6521863937
58.5457205772
41.3162584305
46.1147518158
49.6254444122
62.8192505836
40.4631929398
64.1685705185
56.1792840958
60.399497509
62.0769195557
59.9442558289
54.1368484497
61.6503868103
59.4972167015
72.0963377953
60.5143332481
49.0922784805
58.8902277946
62.0318055153
62.5731739998
64.8821926117
44.2896838188
73.0314288139
67.8228077888
59.9278507233
71.505753994
72.2029709816
66.5637159348
48.0669593811
61.2976770401
57.5778193474
65.8747014999
76.8743247986
58.976354599
72.6130986214
64.0783424377
