0.0011363029479980469,30.07
1.072535514831543,30.07
2.1383402347564697,30.07
3.2105820178985596,30.07
4.278532266616821,30.07
5.350558042526245,30.07
6.41397500038147,30.07
7.485974311828613,30.07
8.55216097831726,30.07
9.624578475952148,30.07
10.688077211380005,30.07
11.777682065963745,30.07
12.844113111495972,29.78
13.918577671051025,30.07
14.991692066192627,30.07
16.080499172210693,30.07
17.149174690246582,30.07
18.220212697982788,30.07
19.28949213027954,30.07
20.36132049560547,30.07
21.442315578460693,30.07
22.511953592300415,30.07
23.580251932144165,30.07
24.650742053985596,30.07
25.74118709564209,30.07
26.81529688835144,30.07
27.879252195358276,29.78
28.946517944335938,30.07
30.03412699699402,30.07
31.107502698898315,30.07
32.17316150665283,30.07
33.244863986968994,30.07
34.32841944694519,30.07
35.41959738731384,30.07
36.5077588558197,30.07
37.57566428184509,30.16
38.64310121536255,30.16
39.710036516189575,30.16
40.793702840805054,30.07
41.86382508277893,29.86
42.9351441860199,30.16
44.02520298957825,30.16
45.124083280563354,30.16
46.21278738975525,30.16
47.27706241607666,30.16
48.363786935806274,30.16
49.4506413936615,30.16
50.54530715942383,30.16
51.61366629600525,30.07
52.6844117641449,30.07
53.75012707710266,30.07
54.84646511077881,30.07
55.932650327682495,30.07
57.00132751464844,30.07
58.07202768325806,30.07
59.13943386077881,30.07
60.20939016342163,30.07
61.27770113945007,30.07
62.347036361694336,30.07
63.415822982788086,30.07
64.48600554466248,30.07
65.55140948295593,30.07
66.6200487613678,30.07
67.69201827049255,30.07
68.79696702957153,30.07
69.88244080543518,29.78
70.9537284374237,30.07
72.02121138572693,30.07
73.09181356430054,30.07
74.15916132926941,30.07
75.22981715202332,30.07
76.30042862892151,30.07
77.37155771255493,30.07
78.44130182266235,30.07
79.51167488098145,30.07
80.57901310920715,29.98
81.65010213851929,30.07
82.71904706954956,29.98
83.79049515724182,29.98
84.86942553520203,29.69
85.94150185585022,29.98
87.01148653030396,29.98
88.08319735527039,29.98
89.15242910385132,29.98
90.22521352767944,29.98
91.31271767616272,29.98
92.38025331497192,30.07
93.45147490501404,30.07
94.55834698677063,30.07
95.63209080696106,30.07
96.70195484161377,30.07
97.79126739501953,30.07
98.87638902664185,29.78
99.94328022003174,30.07
101.01721477508545,30.07
102.1007764339447,30.07
103.17586183547974,30.07
104.24240589141846,30.07
105.31711459159851,30.07
106.38943004608154,30.07
107.45877265930176,30.07
108.52912211418152,30.07
109.59879779815674,30.07
110.66628909111023,30.07
111.73559594154358,30.07
112.80565762519836,30.07
113.87330746650696,29.78
114.94373559951782,30.07
116.01217222213745,30.07
117.08024501800537,30.07
118.15522360801697,29.98
119.2234947681427,30.07
120.29182982444763,29.98
121.36119318008423,30.07
122.45857262611389,30.07
123.52767944335938,30.07
124.60574197769165,29.98
125.67215871810913,29.98
126.74375891685486,29.98
127.81230354309082,29.98
128.89952540397644,29.69
129.99277329444885,29.98
131.06260323524475,29.98
132.13028407096863,29.98
133.22587752342224,29.98
134.29787063598633,29.98
135.37162375450134,29.98
136.44216799736023,29.98
137.51523447036743,29.98
138.58508896827698,29.98
139.6818289756775,29.86
140.74691700935364,29.86
141.83587074279785,29.98
142.9319543838501,29.6
143.9992606639862,29.86
145.08718705177307,29.86
146.16004276275635,29.86
147.25096583366394,29.86
148.34740376472473,29.86
149.41096878051758,29.86
150.5052559375763,29.86
151.58876538276672,29.86
152.671617269516,29.86
153.74382138252258,29.86
154.81020998954773,29.86
155.88041973114014,29.6
156.94668531417847,29.86
158.01946425437927,29.86
159.0849630832672,29.86
160.15810918807983,29.86
161.2244472503662,29.86
162.29445028305054,29.86
163.36066246032715,29.86
164.45087695121765,29.86
165.5557155609131,29.86
166.62160873413086,29.86
167.69380378723145,29.86
168.75923490524292,29.78
169.8698127269745,29.69
170.95521235466003,29.86
172.02401971817017,29.86
173.10908198356628,29.78
174.17998385429382,29.78
175.24581384658813,29.86
176.34683060646057,29.78
177.43551421165466,29.78
178.50445675849915,29.78
179.59178042411804,29.78
180.66485166549683,29.78
181.73322653770447,29.78
182.80515360832214,29.78
183.88709712028503,29.48
184.95959663391113,29.78
186.06198263168335,29.78
187.1297743320465,29.78
188.20160698890686,29.78
189.29775476455688,29.78
190.3631236553192,29.69
191.43255257606506,29.78
192.51608037948608,29.78
193.6117513179779,29.78
194.6808409690857,29.78
195.7527711391449,29.78
196.83138227462769,29.78
197.90423107147217,29.48
198.99963927268982,29.78
200.06627750396729,29.78
201.17218375205994,29.69
202.23977208137512,29.78
203.34594225883484,29.78
204.41317653656006,29.69
205.48960733413696,29.78
206.55504035949707,29.78
207.63099122047424,29.78
208.73946166038513,29.69
209.80657577514648,29.78
210.87817692756653,29.69
211.94410252571106,29.39
213.01689171791077,29.69
214.08360409736633,29.69
215.158695936203,29.78
216.2242829799652,29.69
217.30645632743835,29.69
218.37309098243713,29.69
219.44660711288452,29.69
220.51248860359192,29.69
221.62135100364685,29.69
222.6877782344818,29.69
223.77916288375854,29.69
224.87009811401367,29.69
225.94566011428833,29.39
227.01443934440613,29.69
228.08623361587524,29.69
229.15690875053406,29.69
230.23157858848572,29.69
231.30513763427734,29.6
232.37433671951294,29.69
233.45483994483948,29.69
234.53739309310913,29.69
235.61127638816833,29.69
236.69045400619507,29.69
237.76543807983398,29.6
238.83303260803223,29.69
239.92358112335205,29.39
240.99587154388428,29.69
242.0685715675354,29.69
243.1345558166504,29.69
244.20423436164856,29.69
245.2688865661621,29.69
246.36106419563293,29.6
247.44597244262695,29.69
248.51357555389404,29.69
249.58101630210876,29.69
250.6487410068512,29.69
251.71769523620605,29.69
252.78568196296692,29.69
253.8811378479004,29.69
254.951966047287,29.39
256.0395333766937,29.69
257.14327359199524,29.69
258.24960350990295,29.6
259.32116079330444,29.69
260.3858358860016,29.69
261.45820116996765,29.69
262.52517533302307,29.69
263.59705686569214,29.69
264.69636154174805,29.69
265.76599526405334,29.69
266.8313217163086,29.69
267.9118640422821,29.39
268.97813653945923,29.69
270.04937076568604,29.69
271.1155626773834,29.69
272.2077646255493,29.6
273.2735562324524,29.69
274.3452253341675,29.69
275.43175625801086,29.69
276.5013725757599,29.69
277.57230496406555,29.69
278.63774156570435,29.6
279.7196362018585,29.69
280.800892829895,29.69
281.86695551872253,29.69
282.93506383895874,29.39
284.0228488445282,29.6
285.0946936607361,29.69
286.18790006637573,29.6
287.25769114494324,29.6
288.34965229034424,29.6
289.4182493686676,29.6
290.48521065711975,29.6
291.58988523483276,29.6
292.6731746196747,29.6
293.74509263038635,29.69
294.8099799156189,29.6
295.90519666671753,29.6
296.9805791378021,29.6
298.0502212047577,29.6
299.1188659667969,29.69
300.1906404495239,29.6
301.26108050346375,29.6
302.33030915260315,29.6
303.41465735435486,29.6
304.48474764823914,29.69
305.5555627346039,29.6
306.62117409706116,29.69
307.6886508464813,29.6
308.75472688674927,29.6
309.8394012451172,29.69
310.9234161376953,29.3
311.9936535358429,29.6
313.0661630630493,29.6
314.1347050666809,29.6
315.2007086277008,29.6
316.2708821296692,29.6
317.3593895435333,29.6
318.4274888038635,29.6
319.51083397865295,29.6
320.5798420906067,29.6
321.6491711139679,29.6
322.72171926498413,29.6
323.8183400630951,29.6
324.8883605003357,29.6
325.95582389831543,29.3
327.02786326408386,29.6
328.0956563949585,29.6
329.16718578338623,29.6
330.25496530532837,29.6
331.32520842552185,29.6
332.3963804244995,29.48
333.46365332603455,29.6
334.5369167327881,29.6
335.6022574901581,29.6
336.67322039604187,29.6
337.74416875839233,29.6
338.81042313575745,29.6
339.88016295433044,29.6
340.9741585254669,29.3
342.04281520843506,29.48
343.1087260246277,29.48
344.1790871620178,29.48
345.243914604187,29.48
346.31238627433777,29.6
347.37945580482483,29.6
348.44963812828064,29.6
349.5407943725586,29.48
350.6349196434021,29.6
351.7406647205353,29.48
352.8051743507385,29.6
353.87407302856445,29.6
354.93962955474854,29.21
356.0077540874481,29.48
357.10696029663086,29.48
358.2117602825165,29.48
359.277152299881,29.48
360.3466303348541,29.48
361.41239285469055,29.48
362.48279666900635,29.48
363.5505440235138,29.48
364.63951778411865,29.48
365.7038116455078,29.48
366.7739329338074,29.48
367.8447325229645,29.48
368.91051054000854,29.48
369.9816806316376,29.21
371.0706191062927,29.48
372.16705346107483,29.48
373.2343575954437,29.48
374.31373834609985,29.48
375.3825714588165,29.48
376.4516155719757,29.48
377.51834440231323,29.39
378.58785104751587,29.39
379.65427327156067,29.39
380.7238869667053,29.39
381.7891685962677,29.39
382.8854868412018,29.39
383.9730246067047,29.1
385.05388951301575,29.39
386.1226363182068,29.39
387.1901504993439,29.39
388.2578694820404,29.39
389.3263382911682,29.39
390.39208984375,29.39
391.4736156463623,29.39
392.5419993400574,29.39
393.6161377429962,29.39
394.7195084095001,29.39
395.80220675468445,29.39
396.89987301826477,29.39
397.9680564403534,29.1
399.0369462966919,29.39
400.12473940849304,29.39
401.1910946369171,29.39
402.2811596393585,29.39
403.3801808357239,29.39
404.4472064971924,29.39
405.5179240703583,29.39
406.5868799686432,29.39
407.65776205062866,29.39
408.73400592803955,29.3
409.80532455444336,29.39
410.87542366981506,29.3
411.9450914859772,29.1
413.0136158466339,29.3
414.0798192024231,29.3
415.1523530483246,29.3
416.22094893455505,29.3
417.28869223594666,29.3
418.35887598991394,29.3
419.4324712753296,29.3
420.4984312057495,29.3
421.5693919658661,29.3
422.63543605804443,29.3
423.70569586753845,29.3
424.7737715244293,29.3
425.84626030921936,29.3
426.9118266105652,29.39
427.9839098453522,29.01
429.0512592792511,29.3
430.12293791770935,29.3
431.18927025794983,29.3
432.262056350708,29.3
433.3315010070801,29.3
434.403769493103,29.3
435.46945905685425,29.3
436.5552213191986,29.3
437.6553337574005,29.3
438.7363443374634,29.3
439.80658769607544,29.3
440.88202023506165,29.3
441.98614406585693,29.01
443.0570116043091,29.3
444.1305754184723,29.3
445.2010250091553,29.3
446.27086901664734,29.3
447.34138202667236,29.3
448.40659046173096,29.21
449.4720735549927,29.3
450.5662441253662,29.3
451.6353991031647,29.21
452.7311279773712,29.21
453.813884973526,29.3
454.88581800460815,29.21
455.9580204486847,28.92
457.02328157424927,29.21
458.0959587097168,29.21
459.1601767539978,29.21
460.2327127456665,29.21
461.3038363456726,29.21
462.38294219970703,29.21
463.4544138908386,29.21
464.5257670879364,29.21
465.60963773727417,29.21
466.6790187358856,29.21
467.7482314109802,29.3
468.8173191547394,29.21
469.88789439201355,29.21
470.9585247039795,29.21
472.026074886322,29.21
473.0968713760376,29.3
474.1799249649048,29.3
475.2516944408417,29.21
476.31612038612366,29.21
477.4046354293823,29.3
478.4795262813568,29.3
479.54560565948486,29.3
480.65437483787537,29.3
481.7242286205292,29.39
482.79897570610046,29.3
483.86560106277466,29.39
484.9368705749512,29.39
486.00292706489563,29.39
487.07440543174744,29.48
488.14367175102234,29.48
489.2184958457947,29.48
490.28613901138306,29.48
491.36038851737976,29.6
492.42696142196655,29.6
493.51528096199036,29.6
494.58015155792236,29.6
495.6521956920624,29.78
496.7178235054016,29.69
497.7882080078125,29.78
498.85336685180664,29.86
499.9244613647461,29.78
500.98994398117065,29.86
502.06179881095886,29.78
503.13042426109314,29.86
504.1983563899994,29.86
505.28730368614197,29.86
506.3515899181366,29.98
507.44561100006104,29.98
508.5128254890442,29.98
509.5817415714264,29.98
510.6483144760132,29.98
511.7298209667206,30.07
512.8003420829773,30.07
513.8896799087524,30.07
514.9557511806488,30.16
516.0253093242645,30.07
517.1295256614685,30.07
518.200300693512,30.16
519.2662427425385,30.16
520.335301399231,30.16
521.4013950824738,30.16
522.4896371364594,30.16
523.5728149414062,30.16
524.6412777900696,30.16
525.7083263397217,30.16
526.7782905101776,30.16
527.8455159664154,30.25
528.9510071277618,30.25
530.0214745998383,30.16
531.0916106700897,30.16
532.1577732563019,30.16
533.2277176380157,30.25
534.2981398105621,30.25
535.3641822338104,30.37
536.4511873722076,30.25
537.5223498344421,30.25
538.5907850265503,30.25
539.6853148937225,30.25
540.7585558891296,30.25
541.8246831893921,30.37
542.8948764801025,30.37
543.9614987373352,30.37
545.0577192306519,30.37
546.1420409679413,30.37
547.2119693756104,30.46
548.2836456298828,30.37
549.3531892299652,30.37
550.4258801937103,30.46
551.5131750106812,30.46
552.5825145244598,30.46
553.6550717353821,30.46
554.7207927703857,30.46
555.831223487854,30.55
556.9004697799683,30.46
557.9680585861206,30.46
559.0439908504486,30.55
560.1153156757355,30.55
561.1831164360046,30.55
562.2677767276764,30.55
563.3441169261932,30.64
564.4114534854889,30.64
565.4831066131592,30.64
566.5547823905945,30.55
567.6274621486664,30.64
568.6948792934418,30.64
569.7970621585846,30.75
570.8694834709167,30.64
571.9798083305359,30.75
573.0478553771973,30.75
574.1179270744324,30.75
575.1812145709991,30.84
576.2897968292236,30.75
577.364095211029,30.84
578.4530911445618,30.75
579.5313370227814,30.84
580.60959649086,30.93
581.6831376552582,30.84
582.7504572868347,30.84
583.8204791545868,30.84
584.8969073295593,30.93
585.9921205043793,30.93
587.062326669693,30.93
588.1420679092407,30.93
589.2121026515961,31.02
590.2811896800995,30.75
591.3518409729004,30.75
592.4198234081268,30.75
593.4848947525024,30.84
594.5523073673248,30.84
595.6185894012451,30.84
596.7070763111115,30.84
597.7808392047882,30.93
598.8504614830017,30.93
599.9161441326141,30.93
600.9854390621185,30.93
602.0490720272064,30.93
603.1196203231812,30.93
604.1847095489502,31.02
605.256142616272,31.02
606.3197948932648,31.02
607.4219999313354,31.14
608.4901521205902,31.02
609.557361125946,31.02
610.6288871765137,31.02
611.7215666770935,31.02
612.806608915329,31.14
613.8760225772858,31.02
614.9431862831116,31.02
616.0140161514282,31.02
617.0793707370758,31.14
618.1512968540192,31.02
619.2197811603546,31.23
620.3027272224426,31.14
621.3684513568878,31.14
622.4394896030426,31.14
623.5050957202911,31.14
624.5961618423462,31.14
625.6918170452118,31.23
626.7751905918121,31.32
627.8668172359467,31.32
628.9710383415222,31.23
630.0395355224609,31.23
631.1087419986725,31.23
632.1782646179199,31.23
633.2467701435089,31.23
634.3151364326477,31.23
635.3877656459808,31.23
636.4599516391754,31.23
637.5269358158112,31.23
638.6296832561493,31.32
639.7113862037659,31.23
640.8054072856903,31.23
641.8738596439362,31.23
642.9432654380798,31.23
644.0277943611145,31.23
645.1139385700226,31.23
646.2260227203369,31.23
647.2940068244934,31.32
648.364351272583,31.32
649.4303252696991,31.32
650.4984583854675,31.32
651.5673186779022,31.41
652.6382949352264,31.41
653.7042605876923,31.41
654.7717053890228,31.5
655.8364856243134,31.41
656.9026086330414,31.41
657.992116689682,31.5
659.0631306171417,31.41
660.133917093277,31.5
661.2043027877808,31.5
662.2693159580231,31.5
663.340005159378,31.62
664.4072828292847,31.5
665.4947662353516,31.5
666.565096616745,31.71
667.6420860290527,31.5
668.735698223114,31.5
669.8296444416046,31.41
670.8952062129974,31.41
671.9661686420441,31.41
673.0356814861298,31.32
674.1400327682495,31.41
675.2130923271179,31.32
676.2841536998749,31.32
677.3545694351196,31.32
678.4434010982513,31.32
679.5145890712738,31.32
680.584892988205,31.32
681.6518161296844,31.32
682.7229797840118,31.32
683.7922596931458,31.32
684.8631021976471,31.32
685.9342443943024,31.32
687.0020735263824,31.32
688.070321559906,31.32
689.1426908969879,31.32
690.2133808135986,31.32
691.2853443622589,31.32
692.3723883628845,31.32
693.4413404464722,31.32
694.5084240436554,31.32
695.578195810318,31.32
696.6561505794525,31.32
697.7204065322876,31.23
698.7881956100464,31.32
699.8798832893372,31.32
700.9818544387817,31.41
702.080323934555,31.32
703.148362159729,31.32
704.2183339595795,31.41
705.2822585105896,31.41
706.3488249778748,31.41
707.4151291847229,31.41
708.4828197956085,31.41
709.55135846138,31.41
710.639598608017,31.5
711.7050867080688,31.41
712.7755725383759,31.41
713.8618133068085,31.41
714.9420034885406,31.41
716.0107653141022,31.41
717.0776221752167,31.41
718.1479601860046,31.32
719.2184002399445,31.41
720.287043094635,31.32
721.3554217815399,31.32
722.428475856781,31.32
723.5086810588837,31.23
724.5996487140656,31.32
725.6648519039154,31.23
726.7640061378479,31.23
727.8324737548828,31.23
728.9003858566284,31.23
729.9938540458679,31.14
731.0630533695221,31.14
732.1339430809021,31.14
733.2277431488037,31.02
734.2988224029541,31.02
735.365208864212,31.02
736.4354903697968,31.02
737.5028736591339,31.23
738.6072778701782,30.93
739.6765241622925,31.02
740.7406551837921,31.02
741.8397736549377,31.02
742.9208660125732,31.14
743.9925007820129,31.02
745.0581705570221,31.02
746.1301674842834,31.14
747.1955783367157,31.02
748.3015284538269,31.02
749.365984916687,31.32
750.4611840248108,31.02
751.5584490299225,31.02
752.6421670913696,30.93
753.709144115448,30.93
754.7778122425079,30.93
755.8659765720367,30.84
756.9558811187744,30.93
758.0220868587494,30.84
759.0938291549683,30.84
760.1764318943024,30.84
761.2494089603424,30.84
762.3143894672394,30.84
763.4124915599823,30.84
764.4887018203735,30.84
765.5604996681213,30.84
766.6245772838593,30.84
767.7297804355621,30.84
768.7978377342224,30.84
769.8699142932892,30.84
770.9570293426514,30.84
772.0217299461365,30.84
773.1260199546814,30.75
774.195029258728,30.75
775.266086101532,30.75
776.3348112106323,30.75
777.4224784374237,30.75
778.5156741142273,30.75
779.6159257888794,30.64
780.7218585014343,30.64
781.7929036617279,30.75
782.8632414340973,30.64
783.9289095401764,30.64
784.9980933666229,30.64
786.0669276714325,30.64
787.1569952964783,30.64
788.221657037735,30.64
789.3149878978729,30.64
790.4032466411591,30.64
791.4861516952515,30.64
792.5733222961426,30.64
793.6778666973114,30.64
794.7452940940857,30.64
795.8113851547241,30.75
796.8843746185303,30.64
797.9706425666809,30.55
799.0387990474701,30.55
800.129632472992,30.75
801.2030198574066,30.55
802.2769432067871,30.55
803.3467633724213,30.55
804.4137463569641,30.46
805.4869921207428,30.46
806.5544056892395,30.46
807.6209301948547,30.55
808.6871664524078,30.37
809.7641456127167,30.46
810.843897819519,30.37
811.9122688770294,30.37
812.9783499240875,30.37
814.0452435016632,30.37
815.1124393939972,30.37
816.2164118289948,30.37
817.2898218631744,30.37
818.3600714206696,30.37
819.4284999370575,30.37
820.4995210170746,30.46
821.5739223957062,30.46
822.6648008823395,30.46
823.7330386638641,30.46
824.7994697093964,30.46
825.8704047203064,30.46
826.9357061386108,30.46
828.0367162227631,30.46
829.1069450378418,30.46
830.1761927604675,30.46
831.2448000907898,30.46
832.351354598999,30.46
833.4182081222534,30.46
834.4890511035919,30.46
835.560795545578,30.55
836.6363127231598,30.37
837.7046756744385,30.37
838.7710967063904,30.37
839.8385877609253,30.37
840.9052031040192,30.37
841.9768710136414,30.25
843.0495550632477,30.46
844.1179385185242,30.55
845.1877627372742,30.25
846.2553493976593,30.25
847.3432238101959,30.25
848.4471170902252,30.25
849.5337905883789,30.25
850.6240954399109,30.16
851.6961894035339,30.16
852.7844474315643,30.16
853.8537781238556,30.16
854.9197778701782,30.16
855.984982252121,30.16
857.0546770095825,30.07
858.1226606369019,30.07
859.187775850296,30.07
860.2944703102112,30.07
861.3860566616058,30.07
862.489919424057,30.07
863.5600950717926,30.07
864.6252982616425,29.98
865.7098128795624,29.98
866.7892279624939,29.98
867.872022151947,29.98
868.9452183246613,29.98
870.0319511890411,29.98
871.0985770225525,30.07
872.1687970161438,29.98
873.2353141307831,29.98
874.3068780899048,29.98
875.3943638801575,30.07
876.4652719497681,30.07
877.5322268009186,30.07
878.6320209503174,29.98
879.7054514884949,29.86
880.7758882045746,30.07
881.8433938026428,29.98
882.9096388816833,29.98
883.9819564819336,29.86
885.0484108924866,29.86
886.1256339550018,29.86
887.1926517486572,29.86
888.2617070674896,29.86
889.3536446094513,29.78
890.4595606327057,29.78
891.5294466018677,29.78
892.6032633781433,29.78
893.6809298992157,29.78
894.7483398914337,29.78
895.8221065998077,29.78
896.8953263759613,29.78
897.969850063324,29.69
899.046457529068,29.78
900.1377165317535,29.69
901.2082965373993,29.69
902.2746086120605,29.69
903.3485295772552,29.69
904.4133927822113,29.69
905.5013823509216,29.69
906.5732309818268,29.78
907.6439507007599,29.69
908.7425675392151,29.69
909.8110959529877,29.69
910.8802177906036,29.69
911.9625654220581,29.69
913.0306601524353,29.69
914.100180387497,29.78
915.1677987575531,29.78
916.2422466278076,29.78
917.3079917430878,29.78
918.3805060386658,29.86
919.4476389884949,29.69
920.5182635784149,29.69
921.5850646495819,29.69
922.6583046913147,29.69
923.723584651947,29.69
924.8045763969421,29.69
925.8712704181671,29.69
926.9621076583862,29.69
928.0311152935028,29.6
929.0986354351044,29.6
930.1803572177887,29.48
931.2653329372406,29.6
932.3369281291962,29.48
933.4343509674072,29.48
934.5261199474335,29.48
935.6147253513336,29.48
936.7028858661652,29.48
937.810063123703,29.48
938.8816297054291,29.48
939.9476230144501,29.48
941.016047000885,29.48
942.0837242603302,29.39
943.1695690155029,29.39
944.2440600395203,29.48
945.3102045059204,29.39
946.3814017772675,29.39
947.4482846260071,29.39
948.5188760757446,29.39
949.5846221446991,29.39
950.6813352108002,29.39
951.7631249427795,29.39
952.8319211006165,29.3
953.9164440631866,29.39
954.9836206436157,29.3
956.0551540851593,29.3
957.1524291038513,29.3
958.2251889705658,29.3
959.2999656200409,29.39
960.3861253261566,29.21
961.4530563354492,29.3
962.5213859081268,29.3
963.5914661884308,29.21
964.6582024097443,29.3
965.7248151302338,29.3
966.7952034473419,29.21
967.8660001754761,29.21
968.9358870983124,29.39
970.0037741661072,29.21
971.0756874084473,29.21
972.1442475318909,29.21
973.2514464855194,29.3
974.32204413414,29.21
975.394035577774,29.21
976.465255022049,29.21
977.5315937995911,29.21
978.601818561554,29.21
979.6693727970123,29.3
980.7368259429932,29.21
981.8035435676575,29.3
982.8739030361176,29.21
983.9403131008148,29.21
985.0093817710876,29.3
986.0872254371643,29.21
987.1572434902191,29.1
988.2375190258026,29.1
989.3225696086884,29.1
990.3890717029572,29.1
991.4571278095245,29.1
992.5233914852142,29.1
993.6282641887665,29.1
994.6983668804169,29.1
995.7660427093506,29.1
996.858772277832,29.1
997.9496610164642,29.01
999.0158665180206,29.01
1000.0859730243683,29.1
1001.1710956096649,29.21
1002.2521066665649,29.1
1003.3229129314423,29.01
1004.3884394168854,29.01
1005.4541623592377,29.01
1006.5201630592346,29.01
1007.5945897102356,29.1
1008.6602187156677,29.01
1009.7257521152496,29.21
1010.7942035198212,28.92
1011.8615248203278,29.21
1012.9585816860199,29.21
1014.0534613132477,29.21
1015.1342170238495,29.21
1016.2382915019989,29.21
1017.3048918247223,29.1
1018.3744440078735,29.21
1019.4782671928406,29.21
1020.5457456111908,29.1
1021.6214859485626,29.21
1022.6922633647919,29.21
1023.7623336315155,29.01
1024.8348894119263,29.1
1025.9013330936432,29.1
1026.9958233833313,29.01
1028.0661580562592,29.1
1029.139045715332,29.1
1030.204815864563,29.1
1031.275836467743,29.1
1032.3458321094513,29.1
1033.4319746494293,29.1
1034.5391972064972,29.1
1035.6033153533936,29.1
1036.6747500896454,29.1
1037.7405080795288,29.21
1038.8132600784302,29.21
1039.880688905716,29.21
1040.985268831253,29.3
1042.0581052303314,29.3
1043.1236543655396,29.3
1044.1948335170746,29.3
1045.2614181041718,29.3
1046.3300807476044,29.3
1047.3983752727509,29.39
1048.4699597358704,29.48
1049.5387601852417,29.48
1050.6296417713165,29.39
1051.7146797180176,29.39
1052.8038349151611,29.48
1053.8707902431488,29.48
1054.9420864582062,29.48
1056.0154645442963,29.39
1057.0842185020447,29.48
1058.1762845516205,29.48
1059.2434298992157,29.48
1060.3144357204437,29.48
1061.3864750862122,29.6
1062.4897079467773,29.6
1063.5563786029816,29.6
1064.6229212284088,29.69
1065.6920537948608,29.69
1066.7915031909943,29.69
1067.865930557251,29.69
1068.9325008392334,29.69
1070.0276546478271,29.78
1071.1189320087433,29.78
1072.1887474060059,29.78
1073.2968406677246,29.78
1074.3662054538727,29.78
1075.4543235301971,29.78
1076.523687362671,29.86
1077.5958948135376,29.86
1078.6695985794067,29.86
1079.7645070552826,29.98
1080.8293633460999,30.07
1081.9105315208435,30.07
1082.9792876243591,29.98
1084.0498497486115,29.98
1085.1174111366272,29.98
1086.1878883838654,29.98
1087.253148317337,29.98
1088.3576860427856,29.98
1089.4313926696777,29.98
1090.5024399757385,29.86
1091.5681083202362,29.98
1092.6404402256012,29.98
1093.7059214115143,29.98
1094.774979352951,29.98
1095.8711409568787,29.98
1096.9839079380035,30.07
1098.0747065544128,30.07
1099.1648516654968,30.16
1100.2695367336273,30.07
1101.3502776622772,30.16
1102.440984249115,30.25
1103.526585817337,30.25
1104.5964255332947,30.37
1105.6595602035522,30.37
1106.7617664337158,30.37
1107.8495326042175,30.37
1108.9147367477417,30.46
1109.985467672348,30.46
1111.0581781864166,30.46
1112.1309111118317,30.55
1113.2017376422882,30.55
1114.2684338092804,30.55
1115.341609954834,30.55
1116.4134950637817,30.64
1117.4852623939514,30.64
1118.5561187267303,30.64
1119.6297330856323,30.64
1120.7254226207733,30.75
1121.7943060398102,30.75
1122.8620417118073,30.75
1123.9298243522644,30.75
1124.9986276626587,30.64
1126.0667202472687,30.64
1127.136258840561,30.75
1128.2075185775757,30.75
1129.2794477939606,30.64
1130.3506429195404,30.75
1131.4178121089935,30.75
1132.4890551567078,30.84
1133.5542252063751,30.84
1134.6247017383575,30.84
1135.7016069889069,30.84
1136.775494337082,30.84
1137.845324754715,30.84
1138.9326503276825,30.84
1140.001600265503,30.84
1141.0788488388062,30.84
1142.1457526683807,30.84
1143.2175097465515,30.93
1144.2879135608673,30.93
1145.357471704483,30.93
1146.4239394664764,31.02
1147.5138103961945,30.75
1148.6194078922272,30.84
1149.6860220432281,30.84
1150.7597208023071,30.84
1151.8297290802002,30.84
1152.9023451805115,30.75
1153.985830783844,30.84
1155.0564496517181,30.84
1156.1272971630096,30.84
1157.213369846344,30.84
1158.3079144954681,30.84
1159.3955330848694,30.84
1160.4597034454346,30.84
1161.5344607830048,30.84
1162.6406285762787,30.84
1163.712548494339,30.93
1164.7857336997986,30.93
1165.850545167923,30.84
1166.9345154762268,30.93
1168.0196781158447,30.93
1169.1014316082,30.93
1170.1853532791138,30.93
1171.2525386810303,30.93
1172.3296115398407,30.93
1173.399568080902,30.93
1174.4667477607727,30.93
1175.553664445877,30.84
1176.6240773200989,30.84
1177.6953029632568,30.84
1178.7611320018768,30.93
1179.8325655460358,30.84
1180.9028685092926,30.84
1181.9773037433624,30.84
1183.047236919403,30.75
1184.1185796260834,30.84
1185.1854758262634,30.75
1186.252138376236,30.84
1187.3459420204163,30.75
1188.4183716773987,30.75
1189.4902334213257,30.75
1190.5628509521484,30.75
1191.670375585556,30.75
1192.7553641796112,30.75
1193.8303327560425,30.75
1194.8961915969849,30.75
1195.9825613498688,30.75
1197.0492851734161,30.84
1198.1222970485687,30.75
1199.192895412445,30.75
1200.2637231349945,30.84
1201.3356883525848,30.84
1202.4244918823242,30.84
1203.5043177604675,30.84
1204.5767204761505,30.84
1205.6422271728516,30.84
1206.7149102687836,30.75
1207.8011593818665,30.75
1208.88348031044,30.84
1209.948796749115,30.84
1211.021828174591,30.84
1212.104317188263,30.84
1213.175580739975,30.75
1214.2428512573242,30.75
1215.3156354427338,30.84
1216.3806965351105,30.84
1217.4508893489838,30.75
1218.5372726917267,30.75
1219.6396505832672,30.75
1220.724534034729,30.93
1221.7955203056335,30.75
1222.8632130622864,30.84
1223.9514410495758,30.75
1225.0212850570679,30.75
1226.095520734787,30.75
1227.1678075790405,30.75
1228.2403495311737,30.75
1229.3145291805267,30.75
1230.3852279186249,30.75
1231.4962408542633,30.84
1232.562150478363,30.75
1233.6672792434692,30.75
1234.7375147342682,30.75
1235.8079099655151,30.84
1236.8730483055115,30.75
1237.9440214633942,30.75
1239.0329995155334,30.93
1240.1047716140747,30.84
1241.171058177948,30.93
1242.2440721988678,31.14
1243.331918001175,30.93
1244.4391446113586,30.93
1245.5281364917755,30.93
1246.5968699455261,30.93
1247.6699795722961,31.02
1248.735687971115,31.02
1249.8076992034912,31.02
1250.893065214157,31.02
1251.9638843536377,30.93
1253.0584020614624,30.93
1254.141207933426,30.93
1255.2128496170044,30.93
1256.2779290676117,30.93
1257.3483765125275,31.02
1258.4144825935364,31.02
1259.4804937839508,30.93
1260.5478174686432,31.02
1261.615681886673,30.93
1262.6858220100403,30.93
1263.7566320896149,30.93
1264.822734117508,30.93
1265.889259338379,30.84
1266.955457687378,30.84
1268.0247673988342,30.84
1269.1153945922852,30.84
1270.1835501194,30.75
1271.2522912025452,30.75
1272.3204283714294,30.84
1273.3896651268005,30.75
1274.4577527046204,30.75
1275.5273065567017,30.75
1276.5956861972809,30.75
1277.6689131259918,30.75
1278.7382445335388,30.75
1279.8098170757294,30.75
1280.9086685180664,30.75
1281.9773111343384,30.64
1283.0483982563019,30.75
1284.135159254074,30.75
1285.205241203308,30.75
1286.2792389392853,30.75
1287.3467226028442,30.75
1288.4189910888672,30.75
1289.487233877182,30.84
1290.5614068508148,30.75
1291.6289145946503,30.75
1292.7024221420288,30.64
1293.7955403327942,30.64
1294.884705543518,30.75
1295.9565620422363,30.64
1297.0546355247498,30.64
1298.1402382850647,30.64
1299.210109949112,30.55
1300.2796168327332,30.64
1301.3518018722534,30.64
1302.4229526519775,30.64
1303.4906160831451,30.64
1304.5644783973694,30.64
1305.6323466300964,30.55
1306.7058930397034,30.64
1307.8058400154114,30.64
1308.8755629062653,30.55
1309.9649329185486,30.55
1311.070168018341,30.55
1312.1624705791473,30.55
1313.2325983047485,30.46
1314.2979528903961,30.46
1315.3798429965973,30.46
1316.4794661998749,30.55
1317.5482940673828,30.46
1318.6145853996277,30.46
1319.685362815857,30.55
1320.7580790519714,30.55
1321.8300409317017,30.46
1322.898274421692,30.55
1323.9688346385956,30.55
1325.0379259586334,30.64
1326.1263358592987,30.55
1327.1932797431946,30.55
1328.270626783371,30.75
1329.3377521038055,30.55
1330.4036767482758,30.64
1331.4704821109772,30.55
1332.5416746139526,30.46
1333.606697320938,30.46
1334.7118129730225,30.46
1335.7792201042175,30.46
1336.8474457263947,30.37
1337.9172613620758,30.37
1338.9920313358307,30.37
1340.0570013523102,30.37
1341.1273930072784,30.46
1342.2214319705963,30.25
1343.293704509735,30.25
1344.3601536750793,30.25
1345.4329664707184,30.37
1346.4981451034546,30.37
1347.604761838913,30.25
1348.6757671833038,30.25
1349.739398241043,30.25
1350.8128685951233,30.25
1351.8789238929749,30.25
1352.9503021240234,30.25
1354.0185797214508,30.25
1355.091287612915,30.25
1356.1563820838928,30.25
1357.2302255630493,30.25
1358.3358643054962,30.25
1359.3998653888702,30.16
1360.4662013053894,30.25
1361.557052373886,30.16
1362.6223816871643,30.16
1363.7151732444763,30.16
1364.8047926425934,30.16
1365.9105205535889,30.16
1366.9786450862885,30.25
1368.047892332077,30.07
1369.1185433864594,30.07
1370.1905269622803,30.16
1371.2796487808228,30.07
1372.3417258262634,30.07
1373.4114792346954,30.07
1374.4780049324036,30.16
1375.5796597003937,30.07
1376.6457612514496,30.16
1377.7183701992035,30.07
1378.787798166275,30.07
1379.8553793430328,30.07
1380.937658548355,30.16
1382.0102288722992,30.07
1383.0837070941925,30.07
1384.1510286331177,30.07
1385.2232060432434,30.07
1386.2883863449097,30.07
1387.357474565506,30.07
1388.4263412952423,30.07
1389.49902510643,30.07
1390.5659210681915,30.07
1391.6376314163208,30.07
1392.7034351825714,30.07
1393.808427810669,30.07
1394.8908202648163,30.16
1395.961574792862,30.07
1397.0276982784271,30.07
1398.0990598201752,30.07
1399.1658599376678,30.07
1400.239119052887,30.16
1401.3066580295563,30.07
1402.3753197193146,30.07
1403.4419836997986,30.07
1404.513027191162,30.16
1405.6068465709686,30.07
1406.67706990242,30.07
1407.7448379993439,30.07
1408.8147251605988,30.07
1409.8802697658539,30.07
1410.9509370326996,30.07
1412.0160522460938,30.16
1413.1035237312317,30.07
1414.1977787017822,30.07
1415.2660102844238,30.07
1416.3322739601135,30.07
1417.4258348941803,30.07
1418.4957735538483,30.07
1419.5616710186005,30.07
1420.6321504116058,30.07
1421.6983075141907,30.16
1422.7686924934387,30.07
1423.8367104530334,29.98
1424.9039101600647,30.07
1425.968330860138,29.98
1427.038070678711,29.98
1428.1026060581207,29.86
1429.1721050739288,29.86
1430.2758820056915,29.86
1431.3460319042206,29.86
1432.4123146533966,29.86
1433.4824962615967,29.78
1434.5903878211975,29.86
1435.6591157913208,29.78
1436.739748954773,29.78
1437.8077573776245,29.86
1438.8810319900513,29.78
1439.9520061016083,29.78
1441.0219933986664,29.78
1442.09237575531,29.86
1443.161092042923,29.69
1444.2296733856201,29.69
1445.2979164123535,29.78
1446.366156578064,29.69
1447.4343569278717,29.69
1448.5027663707733,29.78
1449.5712945461273,29.69
1450.637943983078,29.69
1451.7086148262024,29.6
1452.7784407138824,29.6
1453.8466310501099,29.6
1454.9175426959991,29.6
1455.9887552261353,29.6
1457.0551538467407,29.48
1458.1496472358704,29.69
1459.2396261692047,29.6
1460.3050451278687,29.6
1461.371190071106,29.6
1462.4435169696808,29.48
1463.5107209682465,29.48
1464.5820679664612,29.48
1465.65145277977,29.6
1466.758521080017,29.48
1467.8306455612183,29.48
1468.8964250087738,29.39
1469.9654858112335,29.48
1471.0351600646973,29.48
1472.1062319278717,29.6
1473.2097516059875,29.48
1474.2769672870636,29.48
1475.3437495231628,29.48
1476.4156970977783,29.48
1477.4854288101196,29.48
1478.5564556121826,29.48
1479.6241354942322,29.39
1480.7114481925964,29.48
1481.7780730724335,29.48
1482.8507769107819,29.39
1483.9183993339539,29.48
1485.0197412967682,29.39
1486.0870180130005,29.48
1487.1597657203674,29.48
1488.2303388118744,29.39
1489.3014731407166,29.39
1490.3700172901154,29.39
1491.4406244754791,29.39
1492.5100946426392,29.39
1493.5809161663055,29.39
1494.6515038013458,29.39
1495.7457885742188,29.39
1496.8540015220642,29.39
1497.9230318069458,29.6
1498.9920258522034,29.39
1500.0591855049133,29.39
1501.1231508255005,29.3
1502.1967408657074,29.39
1503.2827324867249,29.39
1504.351624250412,29.3
1505.4214415550232,29.21
1506.4890780448914,29.3
1507.5574741363525,29.21
1508.6264419555664,29.21
1509.7273046970367,29.21
1510.8211669921875,29.21
1511.890120267868,29.1
1512.998158454895,29.21
1514.0640695095062,29.1
1515.1674597263336,29.1
1516.232267856598,29.1
1517.309648990631,29.1
1518.3748168945312,29.1
1519.445148229599,29.1
1520.5508053302765,29.1
1521.6214430332184,29.1
1522.6866421699524,29.1
1523.7544062137604,29.21
1524.8197207450867,29.1
1525.8904671669006,29.21
1526.954086780548,29.21
1528.0219354629517,29.3
1529.1042613983154,29.1
1530.1762835979462,29.1
1531.2436537742615,29.1
1532.3123970031738,29.21
1533.4011812210083,29.1
1534.4944281578064,29.1
1535.5652420520782,29.21
1536.6542465686798,29.01
1537.7206671237946,29.1
1538.829668045044,29.21
1539.896514415741,29.01
1540.965104341507,29.01
1542.0349955558777,29.01
1543.1155514717102,29.21
1544.1857872009277,29.01
1545.2570207118988,29.01
1546.3615589141846,29.01
1547.4311776161194,29.01
1548.4995558261871,29.01
1549.5681471824646,29.01
1550.648247718811,29.01
1551.744271993637,29.01
1552.8481895923615,29.01
1553.9205441474915,29.01
1554.991928577423,29.01
1556.0579676628113,29.1
1557.1334328651428,29.01
1558.2425186634064,29.01
1559.3079488277435,29.01
1560.3996396064758,29.01
1561.4658744335175,29.01
1562.535700559616,29.01
1563.6000928878784,29.01
1564.6722295284271,28.92
1565.7382616996765,29.21
1566.8160090446472,29.1
1567.8998193740845,29.1
1568.968316078186,29.21
1570.0555331707,29.1
1571.1440517902374,29.1
1572.206686258316,29.1
1573.2785258293152,29.01
1574.3412597179413,29.1
1575.413446187973,29.01
1576.4770693778992,29.01
1577.5658802986145,29.01
1578.642419576645,29.01
1579.738264799118,29.1
1580.8223218917847,29.01
1581.8921530246735,29.01
1582.9573829174042,29.01
1584.0328886508942,29.01
1585.098227262497,29.01
1586.1723251342773,29.1
1587.2374329566956,29.1
1588.3106727600098,29.01
1589.3761055469513,29.1
1590.4679119586945,29.1
1591.532880783081,29.1
1592.6283748149872,29.1
1593.6995675563812,29.1
1594.7856576442719,29.21
1595.8519427776337,29.21
1596.92462682724,29.3
1598.030107498169,29.21
1599.1008276939392,29.21
1600.1664407253265,29.3
1601.2583501338959,29.39
1602.3308069705963,29.39
1603.430432319641,29.39
1604.4963896274567,29.39
1605.5948536396027,29.48
1606.6601252555847,29.48
1607.7333500385284,29.39
1608.7986905574799,29.48
1609.8695244789124,29.48
1610.9468972682953,29.48
1612.058129787445,29.48
1613.1355609893799,29.48
1614.2022716999054,29.39
1615.2713978290558,29.48
1616.3378598690033,29.48
1617.4091651439667,29.48
1618.4982900619507,29.48
1619.5648152828217,29.48
1620.634032011032,29.39
1621.7155525684357,29.48
1622.8203756809235,29.48
1623.8903460502625,29.48
1624.958357334137,29.48
1626.0350370407104,29.48
1627.1018884181976,29.48
1628.1736800670624,29.6
1629.2411255836487,29.6
1630.312225818634,29.69
1631.3794853687286,29.78
1632.4696271419525,29.69
1633.5496671199799,29.78
1634.633751630783,29.78
1635.71045255661,29.78
1636.7778255939484,29.78
1637.861819267273,29.78
1638.9274246692657,29.78
1639.997714996338,29.78
1641.0646359920502,29.86
1642.1352038383484,29.86
1643.2015266418457,29.86
1644.273945093155,29.78
1645.3380751609802,29.86
1646.4103038311005,29.86
1647.474368095398,29.98
1648.5474574565887,29.98
1649.6140837669373,30.07
1650.6839263439178,30.16
1651.7468566894531,30.07
1652.81715798378,30.16
1653.8864381313324,30.16
1654.9716749191284,30.07
1656.0501663684845,30.16
1657.1166818141937,30.16
1658.1849448680878,30.16
1659.2566730976105,30.07
1660.3224766254425,30.16
1661.3935952186584,30.16
1662.462818145752,30.16
1663.5308811664581,30.16
1664.6006953716278,30.25
1665.6715171337128,30.25
1666.7753734588623,30.16
1667.84286403656,30.25
1668.9135646820068,30.16
1669.9796555042267,30.16
1671.0510091781616,30.16
1672.11625790596,30.16
1673.186886548996,30.25
1674.2539381980896,30.16
1675.3266377449036,30.25
1676.3950946331024,30.25
1677.4684233665466,30.16
1678.5355875492096,30.16
1679.6079301834106,30.25
1680.6748549938202,30.25
1681.7459297180176,30.25
1682.8133668899536,30.37
1683.8863055706024,30.25
1684.9535820484161,30.37
1686.0272588729858,30.46
1687.1132893562317,30.55
1688.1843650341034,30.55
1689.2481455802917,30.64
1690.319438457489,30.64
1691.3825421333313,30.75
1692.4897611141205,30.75
1693.5509760379791,30.93
1694.622552394867,30.93
1695.7289943695068,30.93
1696.798308134079,30.93
1697.8642127513885,30.93
1698.9334359169006,30.93
1700.0278072357178,30.93
1701.09627866745,30.93
1702.16423869133,30.93
1703.2279448509216,30.93
1704.29736161232,30.93
1705.4017565250397,31.02
1706.4727470874786,30.84
1707.5751693248749,30.84
1708.6443419456482,30.93
1709.7176387310028,30.93
1710.8035855293274,30.84
1711.9077944755554,30.93
1712.979991197586,30.93
1714.045937538147,30.93
1715.1174221038818,31.14
1716.1828970909119,31.02
1717.2523584365845,30.84
1718.3159334659576,30.84
1719.3839507102966,30.84
1720.4526414871216,30.84
1721.5205476284027,30.84
1722.6102199554443,30.84
1723.68132686615,30.93
1724.7475340366364,30.93
1725.8267834186554,30.84
1726.9182169437408,30.84
1727.9885547161102,30.84
1729.055760383606,30.84
1730.1477196216583,30.93
1731.2182383537292,30.84
1732.2892894744873,30.84
1733.3597049713135,30.84
1734.4317843914032,30.84
1735.5003068447113,30.84
1736.626962184906,30.84
1737.719866991043,30.84
1738.816576719284,30.84
1739.8846344947815,30.93
1740.9564900398254,31.02
1742.0478460788727,30.93
1743.1170489788055,30.93
1744.2172808647156,30.93
1745.3026037216187,30.93
1746.4065525531769,31.02
1747.4743874073029,31.02
1748.5444824695587,31.14
1749.6103119850159,31.02
1750.6796326637268,31.02
1751.7453393936157,31.02
1752.8342480659485,31.02
1753.8990499973297,31.14
1754.9646365642548,31.02
1756.0641033649445,31.02
1757.1414983272552,31.02
1758.211963891983,31.02
1759.3173258304596,31.02
1760.3913354873657,31.02
1761.4562125205994,31.02
1762.5512869358063,31.23
1763.616042137146,31.14
1764.6886751651764,31.14
1765.7569468021393,31.02
1766.8442769050598,31.14
1767.9079756736755,31.14
1768.981734752655,31.23
1770.0490145683289,31.14
1771.116229057312,31.23
1772.1853466033936,31.14
1773.2549841403961,31.02
1774.3215007781982,31.02
1775.3912081718445,31.14
1776.4580821990967,31.14
1777.533209323883,31.02
1778.5992035865784,31.02
1779.6725430488586,31.02
1780.7532024383545,30.93
1781.8269636631012,31.02
1782.893085718155,30.93
1783.9657926559448,30.93
1785.0452332496643,30.93
1786.1156668663025,30.93
1787.1844098567963,30.93
1788.2543382644653,30.93
1789.322137594223,31.02
1790.3915512561798,31.02
1791.458667755127,31.02
1792.5290689468384,31.02
1793.5927562713623,31.02
1794.6737642288208,31.02
1795.7652959823608,31.02
1796.8711779117584,31.02
1797.938580274582,31.02
1799.0079271793365,31.02
1800.0750050544739,31.32
