0.17229390144348145,31.02
5.345644235610962,31.02
10.501729488372803,31.02
15.663248300552368,30.93
20.844937324523926,30.84
26.045395374298096,31.02
31.21245574951172,30.84
36.39573884010315,30.84
41.56913161277771,30.84
46.75282883644104,30.75
51.92915678024292,30.84
57.10471796989441,30.84
62.27141809463501,30.84
67.43605542182922,30.75
72.60114789009094,30.84
77.75934338569641,30.64
82.91853404045105,30.64
88.07435059547424,30.55
93.25107789039612,30.55
98.43149638175964,30.75
103.58546924591064,30.75
108.74454665184021,30.46
113.7503182888031,30.37
114.7520740032196,30.55
115.75383400917053,30.55
116.7555763721466,30.55
117.75733375549316,30.64
118.75909090042114,30.55
119.76085758209229,30.55
120.76260805130005,30.55
121.76441645622253,30.55
122.7661862373352,30.55
123.76794028282166,30.55
124.76900053024292,30.55
125.77079033851624,30.64
126.77255630493164,30.55
127.77440667152405,30.64
128.77623915672302,30.64
129.77800869941711,30.64
130.77977228164673,30.55
131.78161025047302,30.55
132.7833833694458,30.55
133.7851059436798,30.55
134.7868595123291,30.55
135.78862619400024,30.46
136.79041647911072,30.46
137.79218888282776,30.46
138.79399728775024,30.46
139.79578304290771,30.46
140.79755663871765,30.46
141.79936861991882,30.46
142.80115175247192,30.46
143.8029224872589,30.37
144.80474019050598,30.46
145.80650401115417,30.46
146.80827283859253,30.46
147.8101122379303,30.37
148.81190180778503,30.46
149.81368374824524,30.37
150.81553840637207,30.46
151.81734776496887,30.37
152.81912207603455,30.37
153.82089376449585,30.37
154.82268047332764,30.37
155.8245701789856,30.37
156.82634663581848,30.37
157.82814693450928,30.25
158.82992458343506,30.25
159.83169388771057,30.25
160.83350086212158,30.37
161.8352723121643,30.25
162.8370406627655,30.25
163.83881306648254,30.37
164.8405921459198,30.37
165.84236574172974,30.25
166.8442018032074,30.25
167.84598970413208,30.25
168.84777212142944,30.25
169.84961819648743,30.25
170.85140752792358,30.25
171.85317635536194,30.25
172.85498476028442,30.25
173.8567283153534,30.25
174.85850286483765,30.25
175.86026573181152,30.25
176.86207151412964,30.25
177.86384844779968,30.25
178.86562037467957,30.25
179.86778211593628,30.25
180.86956548690796,30.25
181.871337890625,30.16
182.87312197685242,30.16
183.87494659423828,30.25
184.87672424316406,30.16
185.87854385375977,30.16
186.88032579421997,30.16
187.8821098804474,30.16
188.8838610649109,30.16
189.8856554031372,30.25
190.8874328136444,30.16
191.88918042182922,30.25
192.890953540802,30.25
193.89272809028625,30.25
194.8945279121399,30.25
195.8963384628296,30.25
196.8981111049652,30.25
197.89987993240356,30.25
198.901198387146,30.25
199.90297484397888,30.25
200.90480494499207,30.25
201.90657496452332,30.37
202.9083502292633,30.25
203.91011929512024,30.25
204.91196513175964,30.25
205.9137728214264,30.25
206.91555070877075,30.25
207.91732120513916,30.25
208.91911792755127,30.25
209.92089366912842,30.25
210.92266726493835,30.37
211.92449975013733,30.25
212.92626786231995,30.25
213.92803263664246,30.25
214.9298439025879,30.25
215.9316165447235,30.25
216.93338871002197,30.25
217.93517684936523,30.25
218.93694376945496,30.25
219.93871140480042,30.25
220.9404923915863,30.25
221.9422800540924,30.25
222.94406509399414,30.16
223.9459056854248,30.16
224.94766664505005,30.25
225.9494342803955,30.25
226.95120406150818,30.16
227.95295548439026,30.25
228.9547746181488,30.16
229.95654559135437,30.16
230.9582815170288,30.16
231.96004462242126,30.25
232.96181845664978,30.25
233.96358466148376,30.16
234.96535301208496,30.16
235.9671356678009,30.16
236.96890902519226,30.16
237.97065353393555,30.16
238.97236251831055,30.16
239.9741132259369,30.16
240.97587180137634,30.16
241.97761034965515,30.16
242.97943139076233,30.07
243.98122668266296,30.16
244.98299098014832,30.07
245.9848084449768,30.07
246.98661613464355,30.07
247.98840832710266,30.07
248.99017667770386,30.07
249.99194288253784,30.07
250.99370527267456,30.07
251.9954662322998,30.07
252.9973020553589,30.07
253.99906587600708,30.07
255.00082421302795,30.07
256.0026099681854,30.07
257.00442337989807,30.16
258.0062007904053,30.07
259.00797271728516,30.07
260.00974345207214,30.16
261.01152658462524,30.07
262.01329231262207,30.07
263.0150935649872,30.07
264.0168604850769,30.07
265.0186264514923,30.07
266.0204427242279,30.07
267.02221035957336,30.07
268.0239748954773,30.07
269.0257375240326,30.07
270.02750730514526,30.07
271.02927017211914,30.07
272.07680654525757,29.98
273.07858300209045,30.07
274.0804135799408,30.07
275.0822546482086,30.07
276.0840368270874,30.07
277.08585238456726,30.07
278.0876348018646,30.07
279.08941555023193,30.07
280.09122610092163,30.07
281.0925238132477,30.07
282.0943515300751,30.07
283.0961399078369,30.07
284.09789633750916,30.07
285.09966683387756,30.07
286.10153007507324,30.07
287.1032884120941,30.07
288.10504722595215,30.07
289.10684275627136,30.07
290.1085937023163,30.07
291.1103780269623,30.07
292.1121757030487,30.07
293.11392855644226,30.07
294.1157693862915,30.07
295.11754846572876,30.07
296.119313955307,30.07
297.20433807373047,29.98
298.2061641216278,30.07
299.2598738670349,29.98
300.30515146255493,29.98
301.3562185764313,29.98
302.40563321113586,29.98
303.4075651168823,30.07
304.40936827659607,30.07
305.41116309165955,30.07
306.47513365745544,29.98
307.5223114490509,29.98
308.52411222457886,30.07
309.5772078037262,29.98
310.6244661808014,29.98
311.6752300262451,29.98
312.72207498550415,29.98
313.76944637298584,29.98
314.81664276123047,29.98
315.86460280418396,29.98
316.91563177108765,29.98
317.9622938632965,29.98
319.00767064094543,29.98
320.05411767959595,29.98
321.10177779197693,29.98
322.14718317985535,29.98
323.14898109436035,30.07
324.20242285728455,29.98
325.20422625541687,30.07
326.26607966423035,29.98
327.3132345676422,29.98
328.36626076698303,29.98
329.4127049446106,29.98
330.4166374206543,30.07
331.4702298641205,29.98
332.5188686847687,29.98
333.5653967857361,29.98
334.6117227077484,29.98
335.6657803058624,29.98
336.71250438690186,29.98
337.7614595890045,29.98
338.81250524520874,29.98
339.86223435401917,29.98
340.9133651256561,29.98
341.9602162837982,29.98
343.0090537071228,29.98
344.05737924575806,29.98
345.1037931442261,29.98
346.1501319408417,29.98
347.1957461833954,29.98
348.24221110343933,29.98
349.24314618110657,30.07
350.2450020313263,30.07
351.24682569503784,30.07
352.24864745140076,30.07
353.2504413127899,30.07
354.25221014022827,30.07
355.2539978027344,30.07
356.25577998161316,30.07
357.2575569152832,30.07
358.2593243122101,30.07
359.2611417770386,30.07
360.2629175186157,30.16
361.2647535800934,30.07
362.26651525497437,30.16
363.2682819366455,30.16
364.27010774612427,30.16
365.2719864845276,30.16
366.2737877368927,30.16
367.275591135025,30.16
368.27744126319885,30.25
369.2793128490448,30.16
370.28109073638916,30.25
371.28286814689636,30.16
372.28469371795654,30.25
373.28651785850525,30.16
374.2883231639862,30.25
375.2901294231415,30.16
376.2919011116028,30.16
377.292932510376,30.16
378.2948591709137,30.25
379.29667377471924,30.16
380.2984735965729,30.16
381.3002791404724,30.16
382.30211329460144,30.16
383.30394554138184,30.16
384.30579662323,30.25
385.30758929252625,30.16
386.3093636035919,30.16
387.3111445903778,30.25
388.31295132637024,30.25
389.3147780895233,30.25
390.31655621528625,30.25
391.31837582588196,30.25
392.3201849460602,30.25
393.3219654560089,30.16
394.3237826824188,30.25
395.32555866241455,30.25
396.3273375034332,30.16
397.329149723053,30.25
398.33094000816345,30.25
399.33272552490234,30.25
400.3345890045166,30.25
401.3364267349243,30.25
402.33823227882385,30.25
403.34007501602173,30.16
404.3419141769409,30.25
405.34372448921204,30.25
406.3455080986023,30.25
407.3473162651062,30.16
408.34910440444946,30.16
409.3508861064911,30.25
410.35267210006714,30.25
411.3545002937317,30.16
412.3562877178192,30.16
413.35814595222473,30.25
414.3599693775177,30.16
415.36175203323364,30.16
416.36359906196594,30.16
417.3654007911682,30.16
418.3671991825104,30.16
419.3689978122711,30.25
420.37079334259033,30.16
421.3729908466339,30.16
422.37492275238037,30.25
423.37675285339355,30.16
424.37854504585266,30.16
425.3803331851959,30.16
426.3821759223938,30.16
427.38400411605835,30.16
428.38578701019287,30.16
429.3875730037689,30.16
430.3893575668335,30.25
431.39113783836365,30.25
432.39295053482056,30.16
433.3947901725769,30.25
434.39657950401306,30.25
435.39843678474426,30.25
436.4002640247345,30.25
437.40206265449524,30.25
438.4038553237915,30.25
439.4056832790375,30.25
440.4074749946594,30.25
441.40942454338074,30.25
442.41123151779175,30.25
443.4130160808563,30.16
444.4148347377777,30.25
445.41663813591003,30.25
446.418420791626,30.25
447.4202060699463,30.25
448.4220345020294,30.25
449.4238691329956,30.25
450.4256479740143,30.25
451.4274637699127,30.25
452.42936539649963,30.25
453.431143283844,30.25
454.4329731464386,30.25
455.43481183052063,30.25
456.4365744590759,30.25
457.43837785720825,30.25
458.44020223617554,30.37
459.4420690536499,30.37
460.4438576698303,30.25
461.44566917419434,30.37
462.4475109577179,30.37
463.44927644729614,30.37
464.45108103752136,30.25
465.4529118537903,30.37
466.454754114151,30.25
467.4565374851227,30.37
468.45832872390747,30.37
469.46011567115784,30.25
470.4620056152344,30.37
471.4638705253601,30.37
472.4656708240509,30.25
473.46750712394714,30.37
474.46933937072754,30.37
475.4711272716522,30.46
476.4729092121124,30.37
477.474773645401,30.37
478.47654366493225,30.37
479.4783225059509,30.37
480.480272769928,30.46
481.48205041885376,30.46
482.4838185310364,30.46
483.4851305484772,30.46
484.48690032958984,30.46
485.48867774009705,30.46
486.4904661178589,30.46
487.4922454357147,30.55
488.494056224823,30.55
489.49508571624756,30.55
490.49686884880066,30.55
491.49864506721497,30.55
492.5004439353943,30.55
493.50223422050476,30.55
494.50403594970703,30.55
495.50509786605835,30.55
496.5068926811218,30.55
497.50832867622375,30.55
498.5101411342621,30.55
499.51197123527527,30.64
500.5137495994568,30.55
501.51508498191833,30.64
502.5168824195862,30.55
503.51865577697754,30.55
504.52046489715576,30.64
505.52223682403564,30.55
506.523996591568,30.55
507.5253047943115,30.55
508.52715849876404,30.55
509.5289590358734,30.55
510.5307602882385,30.55
511.53261947631836,30.55
512.5344734191895,30.55
513.5362594127655,30.55
514.5380303859711,30.55
515.5460374355316,30.55
516.5478203296661,30.55
517.5496280193329,30.55
518.55144739151,30.55
519.553227186203,30.55
520.5550398826599,30.55
521.5566675662994,30.55
522.5584630966187,30.55
523.5602593421936,30.55
524.5620546340942,30.55
525.5638558864594,30.55
526.5656976699829,30.55
527.567586183548,30.55
528.5693893432617,30.55
529.5711839199066,30.55
530.5729382038116,30.55
531.5747797489166,30.55
532.5765631198883,30.55
533.5783367156982,30.55
534.580117225647,30.55
535.5819275379181,30.55
536.5837287902832,30.55
537.5851294994354,30.55
538.5869119167328,30.55
539.5886743068695,30.55
540.5904633998871,30.55
541.5922222137451,30.55
542.5939769744873,30.55
543.5957715511322,30.55
544.59694647789,30.64
545.598712682724,30.55
546.6004972457886,30.55
547.6023015975952,30.55
548.6040749549866,30.55
549.605880022049,30.55
550.6077160835266,30.55
551.6094856262207,30.55
552.6112587451935,30.55
553.613020658493,30.55
554.6148142814636,30.64
555.616614818573,30.64
556.618471622467,30.64
557.6202812194824,30.64
558.6220953464508,30.64
559.6239631175995,30.64
560.6257903575897,30.64
561.6275677680969,30.64
562.6293711662292,30.64
563.6311528682709,30.64
564.6329362392426,30.64
565.6347415447235,30.64
566.6365249156952,30.64
567.6382894515991,30.75
568.6400525569916,30.75
569.6419322490692,30.75
570.64373087883,30.75
571.6455714702606,30.75
572.6473984718323,30.75
573.649195432663,30.75
574.6509921550751,30.75
575.6528503894806,30.64
576.6547491550446,30.64
577.6565406322479,30.75
578.6583070755005,30.64
579.6602609157562,30.75
580.6620349884033,30.75
581.6638247966766,30.75
582.6656062602997,30.75
583.6673898696899,30.75
584.6691904067993,30.75
585.6710381507874,30.75
586.672812461853,30.75
587.6746370792389,30.75
588.676429271698,30.84
589.6782057285309,30.84
590.6799962520599,30.84
591.681795835495,30.84
592.6835877895355,30.84
593.6854178905487,30.84
594.6872975826263,30.84
595.6890976428986,30.84
596.690877199173,30.84
597.692663192749,30.84
598.6945180892944,30.84
599.6963016986847,30.84
600.6980872154236,30.93
601.6998732089996,30.84
602.7016801834106,30.84
603.7034862041473,30.84
604.7053000926971,30.84
605.707109451294,30.84
606.70893907547,30.84
607.7107815742493,30.84
608.7125861644745,30.84
609.7144465446472,30.84
610.7162356376648,30.84
611.7180171012878,30.93
612.7197866439819,30.84
613.721556186676,30.93
614.7234733104706,30.93
615.7252943515778,30.93
616.7270975112915,30.93
617.7289221286774,30.93
618.7306995391846,30.93
619.7324769496918,30.93
620.7342462539673,30.93
621.7360231876373,30.93
622.7377915382385,30.93
623.7395961284637,30.93
624.7413988113403,30.93
625.7431945800781,30.93
626.7450013160706,30.93
627.7467658519745,31.02
628.7485299110413,30.93
629.750330209732,30.93
630.7521312236786,30.93
631.7539358139038,30.93
632.7552216053009,31.02
633.7570471763611,31.02
634.7588274478912,31.02
635.7606687545776,31.02
636.762464761734,31.02
637.7642364501953,31.02
638.7652668952942,31.02
639.7670662403107,31.02
640.7688283920288,31.02
641.7706701755524,31.02
642.772501707077,31.02
643.7743310928345,31.02
644.776172876358,31.02
645.7780065536499,31.02
646.7798058986664,31.02
647.7816417217255,31.02
648.783509016037,31.02
649.7852780818939,30.93
650.7870669364929,31.02
651.7888617515564,31.02
652.7906470298767,31.02
653.7924582958221,31.02
654.7942562103271,31.02
655.7960817813873,31.02
656.7978925704956,31.02
657.7996730804443,31.02
658.8014433383942,31.02
659.8032457828522,31.02
660.8051526546478,31.02
661.807047367096,31.02
662.8088524341583,31.14
663.810672044754,31.02
664.8125307559967,31.02
665.8143768310547,31.02
666.8161616325378,31.02
667.8179256916046,31.02
668.8197498321533,31.14
669.8215425014496,31.14
670.8233380317688,31.14
671.8251214027405,31.14
672.8268959522247,31.14
673.8286907672882,31.14
674.8305299282074,31.02
675.8322987556458,31.14
676.8340594768524,31.14
677.8358335494995,31.14
678.837610244751,31.14
679.8394258022308,31.02
680.8412895202637,31.14
681.8430840969086,31.14
682.8450336456299,31.02
683.8470296859741,31.02
684.8488283157349,31.14
685.8506019115448,31.02
686.8524143695831,31.02
687.8541879653931,31.14
688.8559548854828,31.02
689.8577380180359,31.02
690.8595230579376,31.02
691.8613202571869,31.02
692.8631262779236,31.02
693.8650352954865,31.02
694.8668212890625,31.02
695.8686718940735,31.02
696.8704612255096,31.02
697.8722414970398,31.02
698.8740313053131,31.02
699.875161409378,31.02
700.8769881725311,31.02
701.8788135051727,31.02
702.8805952072144,31.02
703.8824181556702,31.14
704.8842105865479,31.14
705.8859803676605,31.14
706.8877534866333,31.14
707.889538526535,31.14
708.8913073539734,31.14
709.8931436538696,31.14
710.8950028419495,31.14
711.8967778682709,31.14
712.898188829422,31.14
713.8999810218811,31.14
714.9017786979675,31.14
715.9035732746124,31.14
716.9053790569305,31.14
717.9071807861328,31.14
718.9090704917908,31.02
719.910918712616,31.02
720.912709236145,31.02
721.9145259857178,31.02
722.916314125061,31.02
723.9180827140808,31.14
724.9198498725891,31.02
725.9216094017029,31.02
726.9233779907227,31.02
727.9252071380615,31.02
728.927090883255,31.02
729.9288833141327,31.02
730.9306688308716,31.02
731.9325366020203,31.02
732.934403181076,31.02
733.9361848831177,31.02
734.9379682540894,31.02
735.9397487640381,31.02
736.9415154457092,31.02
737.9432964324951,31.02
738.9450862407684,31.02
739.9468550682068,31.02
740.9486830234528,31.02
741.9505345821381,31.02
742.9523096084595,31.14
743.9540863037109,31.14
744.9558560848236,31.02
745.9567320346832,31.14
746.9585249423981,31.14
747.9603130817413,31.14
748.9620778560638,31.14
749.9638574123383,31.14
750.9657101631165,31.14
751.9674921035767,31.14
752.9692778587341,31.23
753.9706580638885,31.23
754.972457408905,31.14
755.9742300510406,31.23
756.9759984016418,31.23
757.9777936935425,31.23
758.9795904159546,31.23
759.981360912323,31.23
760.9831669330597,31.23
761.9849817752838,31.23
762.9867534637451,31.23
763.9885981082916,31.23
764.9904246330261,31.23
765.9922065734863,31.23
766.9940507411957,31.23
767.9958374500275,31.23
768.9976370334625,31.23
769.9994950294495,31.23
771.001302242279,31.23
772.0031020641327,31.23
773.0049469470978,31.23
774.0067579746246,31.23
775.0085499286652,31.23
776.0103278160095,31.23
777.0121524333954,31.23
778.01393866539,31.23
779.0157217979431,31.23
780.0175740718842,31.23
781.01935505867,31.23
782.0211410522461,31.23
783.0229454040527,31.23
784.0247831344604,31.23
785.0265626907349,31.23
786.0284497737885,31.23
787.0302987098694,31.23
788.032096862793,31.23
789.033876657486,31.23
790.035685300827,31.23
791.0374526977539,31.23
792.0392260551453,31.23
793.0410022735596,31.23
794.0427725315094,31.23
795.0446996688843,31.23
796.0465457439423,31.23
797.048309803009,31.32
798.0500829219818,31.23
799.0520267486572,31.23
800.0538260936737,31.23
801.055629491806,31.23
802.0574288368225,31.23
803.0592210292816,31.23
804.0610392093658,31.23
805.0629343986511,31.23
806.064779996872,31.23
807.0665810108185,31.23
808.068409204483,31.23
809.0702555179596,31.23
810.0720307826996,31.23
811.0738091468811,31.23
812.0755743980408,31.23
813.0773522853851,31.23
814.0791318416595,31.23
815.0809276103973,31.32
816.0827078819275,31.23
817.0845642089844,31.32
818.0864040851593,31.32
819.0882062911987,31.32
820.0900104045868,31.32
821.091794013977,31.32
822.0935928821564,31.32
823.095395565033,31.32
824.0972182750702,31.32
825.0990309715271,31.32
826.1008403301239,31.23
827.1026568412781,31.32
828.1045711040497,31.32
829.106348991394,31.32
830.1081573963165,31.32
831.109931230545,31.32
832.1117050647736,31.32
833.1134736537933,31.32
834.115293264389,31.32
835.1170635223389,31.32
836.1188435554504,31.32
837.1206357479095,31.32
838.1224071979523,31.32
839.1241989135742,31.32
840.1260497570038,31.32
841.1278953552246,31.32
842.1296606063843,31.32
843.13143658638,31.32
844.1332368850708,31.32
845.1350302696228,31.32
846.1368057727814,31.32
847.1386148929596,31.32
848.1404316425323,31.32
849.1422367095947,31.32
850.1440165042877,31.41
851.1450452804565,31.32
852.146812915802,31.32
853.1486446857452,31.41
854.1504700183868,31.41
855.1522669792175,31.41
856.1541187763214,31.41
857.1559388637543,31.41
858.1577315330505,31.41
859.1595389842987,31.41
860.1613054275513,31.41
861.1630771160126,31.41
862.164922952652,31.41
863.1667242050171,31.41
864.1684958934784,31.41
865.1702656745911,31.41
866.1720790863037,31.41
867.173905134201,31.41
868.1750564575195,31.41
869.176896572113,31.5
870.1787023544312,31.41
871.1805372238159,31.32
872.1824185848236,31.41
873.1842133998871,31.41
874.1860082149506,31.5
875.1878809928894,31.41
876.1896731853485,31.41
877.191469669342,31.41
878.1933007240295,31.41
879.1950705051422,31.41
880.1968424320221,31.41
881.1986410617828,31.41
882.2004241943359,31.41
883.2022104263306,31.41
884.2040498256683,31.41
885.2058782577515,31.41
886.2076995372772,31.41
887.2095363140106,31.5
888.2113063335419,31.41
889.213073015213,31.41
890.2149376869202,31.41
891.2167291641235,31.41
892.218508720398,31.41
893.2203531265259,31.41
894.2222392559052,31.41
895.2240371704102,31.41
896.2250754833221,31.41
897.2268555164337,31.41
898.2286584377289,31.41
899.2304949760437,31.41
900.232255935669,31.41
901.2340593338013,31.41
902.2350833415985,31.41
903.2368576526642,31.41
904.2386651039124,31.41
905.2404582500458,31.41
906.2422466278076,31.41
907.2440912723541,31.41
908.245934009552,31.41
909.2477221488953,31.41
910.249579668045,31.5
911.2513856887817,31.5
912.2531931400299,31.5
913.2551326751709,31.5
914.25594830513,31.41
915.2577123641968,31.5
916.2594866752625,31.5
917.2612721920013,31.5
918.2630281448364,31.41
919.2648568153381,31.5
920.2667098045349,31.62
921.2685205936432,31.62
922.2703242301941,31.5
923.2721705436707,31.5
924.2739474773407,31.5
925.2757396697998,31.5
926.2775223255157,31.5
927.2793142795563,31.5
928.2810990810394,31.5
929.2829477787018,31.62
930.2848136425018,31.5
931.2866117954254,31.5
932.2883982658386,31.62
933.2901890277863,31.62
934.292022228241,31.62
935.2938494682312,31.5
936.2956235408783,31.5
937.2973961830139,31.5
938.2991795539856,31.5
939.30100274086,31.5
940.3027818202972,31.5
941.3046000003815,31.5
942.3064365386963,31.5
943.3082520961761,31.5
944.3100566864014,31.5
945.3118240833282,31.5
946.3135950565338,31.5
947.3153765201569,31.5
948.3171715736389,31.5
949.3189635276794,31.5
950.3207576274872,31.5
951.3225338459015,31.5
952.3244223594666,31.62
953.3262391090393,31.62
954.3280680179596,31.5
955.3298454284668,31.62
956.3316576480865,31.5
957.3334350585938,31.5
958.3352475166321,31.5
959.33704662323,31.5
960.3388221263885,31.5
961.3406317234039,31.41
962.3424146175385,31.5
963.3442003726959,31.5
964.3459806442261,31.5
965.3478116989136,31.5
966.3496103286743,31.5
967.3514623641968,31.41
968.3532822132111,31.5
969.3550729751587,31.5
970.3568599224091,31.5
971.3586683273315,31.5
972.3604550361633,31.5
973.3622364997864,31.5
974.3640556335449,31.5
975.3658640384674,31.5
976.3676762580872,31.5
977.369523525238,31.5
978.3713006973267,31.5
979.3730790615082,31.62
980.3749377727509,31.62
981.3767099380493,31.62
982.3785064220428,31.62
983.3803219795227,31.62
984.3821520805359,31.5
985.3839495182037,31.62
986.3857519626617,31.62
987.3875789642334,31.62
988.3893799781799,31.62
989.3911600112915,31.62
990.3929483890533,31.71
991.394777059555,31.71
992.3965570926666,31.71
993.3983192443848,31.62
994.4001042842865,31.71
995.4018881320953,31.71
996.4037308692932,31.62
997.4055535793304,31.71
998.4073534011841,31.62
999.409172296524,31.71
1000.4109692573547,31.62
1001.4127650260925,31.71
1002.4145998954773,31.62
1003.4163906574249,31.71
1004.4181854724884,31.71
1005.4199936389923,31.71
1006.4218318462372,31.71
1007.4236207008362,31.71
1008.4253923892975,31.71
1009.4271905422211,31.71
1010.4289748668671,31.71
1011.4307386875153,31.71
1012.4325201511383,31.71
1013.4344036579132,31.71
1014.4362120628357,31.71
1015.4392869472504,31.71
1016.4410870075226,31.71
1017.4428946971893,31.71
1018.4448046684265,31.71
1019.4466116428375,31.71
1020.4484100341797,31.71
1021.4502167701721,31.71
1022.4520444869995,31.71
1023.4538834095001,31.71
1024.4550650119781,31.71
1025.456878900528,31.62
1026.4586608409882,31.71
1027.4604499340057,31.71
1028.4622564315796,31.62
1029.4640357494354,31.71
1030.4658234119415,31.71
1031.4676532745361,31.71
1032.4694607257843,31.71
1033.4712479114532,31.71
1034.4731848239899,31.71
1035.4749853610992,31.71
1036.4767861366272,31.71
1037.4786348342896,31.71
1038.4804174900055,31.71
1039.4822108745575,31.71
1040.4840288162231,31.71
1041.4858469963074,31.71
1042.487645149231,31.71
1043.4894263744354,31.8
1044.4912407398224,31.8
1045.4930472373962,31.8
1046.4948871135712,31.8
1047.496705532074,31.8
1048.4985637664795,31.8
1049.500356912613,31.8
1050.502141714096,31.89
1051.5039932727814,31.8
1052.5057797431946,31.8
1053.5076768398285,31.89
1054.509533882141,31.89
1055.5113139152527,31.89
1056.5131254196167,31.89
1057.5149779319763,31.89
1058.5167615413666,31.89
1059.5185449123383,31.89
1060.520319700241,31.89
1061.5220851898193,31.89
1062.5238709449768,31.89
1063.5253992080688,31.89
1064.5271680355072,31.89
1065.52894115448,31.89
1066.5307676792145,32.01
1067.5325336456299,31.89
1068.5343279838562,31.89
1069.5360941886902,31.89
1070.5378515720367,31.89
1071.5396451950073,32.01
1072.5414896011353,31.89
1073.5432472229004,31.89
1074.5449998378754,31.89
1075.5467817783356,31.89
1076.5485577583313,31.89
1077.5503242015839,31.89
1078.5521025657654,32.01
1079.553879737854,31.89
1080.5556726455688,31.89
1081.557475566864,31.89
1082.5592687129974,31.89
1083.5610666275024,32.01
1084.5628926753998,32.01
1085.5647559165955,32.01
1086.566552400589,32.01
1087.568368434906,32.01
1088.5701262950897,32.01
1089.571905374527,32.01
1090.5737762451172,32.01
1091.5756471157074,32.01
1092.5774376392365,32.01
1093.5793120861053,32.01
1094.5812046527863,32.01
1095.5829901695251,32.01
1096.5848338603973,32.1
1097.5865905284882,32.01
1098.5883631706238,32.01
1099.5901553630829,32.01
1100.5919392108917,32.01
1101.5937333106995,32.01
1102.5955686569214,32.01
1103.597374677658,32.01
1104.5992093086243,32.01
1105.601040840149,32.01
1106.6028192043304,32.01
1107.6046578884125,32.1
1108.6064791679382,32.1
1109.6082611083984,32.1
1110.610113620758,32.1
1111.6119015216827,32.1
1112.6137080192566,32.1
1113.6155512332916,32.1
1114.617324590683,32.1
1115.619125843048,32.1
1116.6209044456482,32.1
1117.62269115448,32.1
1118.6244947910309,32.1
1119.6262497901917,32.1
1120.6280417442322,32.1
1121.6298117637634,32.1
1122.6315817832947,32.1
1123.6333606243134,32.1
1124.6351606845856,32.1
1125.6369762420654,32.1
1126.6387784481049,32.1
1127.640609741211,32.1
1128.642412185669,32.1
1129.6442692279816,32.1
1130.6461746692657,32.1
1131.6483030319214,32.1
1132.650148153305,32.1
1133.651957988739,32.1
1134.6537466049194,32.1
1135.655544757843,32.1
1136.6573288440704,32.1
1137.6591560840607,32.1
1138.660991191864,32.1
1139.6627979278564,32.1
1140.6646621227264,32.1
1141.6664452552795,32.1
1142.6682646274567,32.1
1143.6700258255005,32.19
1144.6718077659607,32.19
1145.6735892295837,32.19
1146.6754348278046,32.19
1147.6772696971893,32.19
1148.679125070572,32.19
1149.68092751503,32.19
1150.682755947113,32.19
1151.6847760677338,32.19
1152.6865780353546,32.19
1153.6883687973022,32.19
1154.6901326179504,32.19
1155.6918833255768,32.19
1156.6936395168304,32.19
1157.695394039154,32.19
1158.6971852779388,32.28
1159.6990058422089,32.19
1160.7008016109467,32.19
1161.7026550769806,32.19
1162.7045328617096,32.19
1163.7063002586365,32.19
1164.7080969810486,32.19
1165.7098960876465,32.19
1166.711667060852,32.19
1167.7134969234467,32.28
1168.7153146266937,32.28
1169.717111825943,32.28
1170.7189273834229,32.28
1171.7207069396973,32.28
1172.722463607788,32.28
1173.7242243289948,32.28
1174.7260041236877,32.19
1175.7277784347534,32.28
1176.7295458316803,32.19
1177.7314047813416,32.19
1178.7332170009613,32.19
1179.7350933551788,32.28
1180.7369422912598,32.19
1181.7387313842773,32.19
1182.7404990196228,32.19
1183.7422626018524,32.19
1184.7440299987793,32.19
1185.7457983493805,32.19
1186.74765086174,32.19
1187.7494552135468,32.19
1188.7512426376343,32.19
1189.7530121803284,32.19
1190.7548801898956,32.19
1191.7567057609558,32.19
1192.758481502533,32.19
1193.76025557518,32.19
1194.7619280815125,32.19
1195.7637119293213,32.19
1196.7655255794525,32.19
1197.7673087120056,32.19
1198.7690861225128,32.19
1199.7710332870483,32.19
1200.7728583812714,32.19
1201.7747120857239,32.19
1202.7765245437622,32.19
1203.7783274650574,32.19
1204.7801208496094,32.19
1205.7819693088531,32.19
1206.7837698459625,32.19
1207.7855513095856,32.19
1208.7873423099518,32.19
1209.7891573905945,32.19
1210.79092669487,32.19
1211.7919144630432,32.19
1212.79368019104,32.19
1213.795467376709,32.19
1214.7972555160522,32.19
1215.799064874649,32.28
1216.8008403778076,32.19
1217.8026332855225,32.28
1218.8045687675476,32.19
1219.8063402175903,32.28
1220.8081080913544,32.28
1221.8098804950714,32.28
1222.8116598129272,32.28
1223.8134427070618,32.19
1224.815627336502,32.28
1225.8174135684967,32.28
1226.8192102909088,32.28
1227.8210170269012,32.28
1228.8228070735931,32.28
1229.82461977005,32.28
1230.8264214992523,32.28
1231.8281950950623,32.28
1232.8299722671509,32.28
1233.8317532539368,32.28
1234.833545923233,32.28
1235.8353254795074,32.28
1236.8371334075928,32.19
1237.838987827301,32.19
1238.8407769203186,32.19
1239.8425843715668,32.28
1240.8444414138794,32.28
1241.8462438583374,32.19
1242.8480308055878,32.28
1243.8498730659485,32.19
1244.8517050743103,32.28
1245.8534789085388,32.28
1246.8552680015564,32.28
1247.857102394104,32.28
1248.8589179515839,32.28
1249.8607349395752,32.28
1250.8625190258026,32.28
1251.8643379211426,32.28
1252.86612534523,32.28
1253.8679552078247,32.28
1254.8697414398193,32.28
1255.8715147972107,32.28
1256.8733263015747,32.28
1257.8751044273376,32.28
1258.8769209384918,32.28
1259.878705739975,32.28
1260.8804700374603,32.28
1261.8822910785675,32.28
1262.8841230869293,32.28
1263.885952949524,32.28
1264.8877618312836,32.28
1265.8895378112793,32.28
1266.8913486003876,32.28
1267.893158197403,32.28
1268.8950004577637,32.28
1269.8967773914337,32.28
1270.8985855579376,32.28
1271.9003920555115,32.28
1272.9047861099243,32.28
1273.906564950943,32.28
1274.9083325862885,32.28
1275.9101705551147,32.28
1276.9119396209717,32.28
1277.9137036800385,32.28
1278.915539741516,32.28
1279.9173352718353,32.28
1280.9191191196442,32.28
1281.9212100505829,32.28
1282.9230225086212,32.28
1283.9248859882355,32.28
1284.9267222881317,32.28
1285.9285140037537,32.28
1286.9303138256073,32.28
1287.9321699142456,32.28
1288.9339399337769,32.28
1289.935709476471,32.28
1290.937498807907,32.28
1291.9393200874329,32.28
1292.9410877227783,32.28
1293.942859172821,32.28
1294.9448170661926,32.4
1295.9466490745544,32.28
1296.948477268219,32.4
1297.9502687454224,32.4
1298.952052116394,32.4
1299.9538397789001,32.4
1300.9556772708893,32.4
1301.9574763774872,32.4
1302.959254026413,32.4
1303.9610226154327,32.4
1304.9628388881683,32.4
1305.9647011756897,32.4
1306.966468334198,32.4
1307.968237876892,32.4
1308.9700465202332,32.4
1309.9718396663666,32.4
1310.9736938476562,32.4
1311.975067615509,32.4
1312.9768316745758,32.4
1313.978903055191,32.4
1314.9807114601135,32.4
1315.982495546341,32.4
1316.9842748641968,32.4
1317.9861357212067,32.4
1318.9879214763641,32.4
1319.9898445606232,32.4
1320.9916369915009,32.4
1321.993409872055,32.49
1322.995199918747,32.49
1323.9969999790192,32.49
1324.9987771511078,32.49
1326.0005536079407,32.4
1327.002380847931,32.49
1328.0041799545288,32.49
1329.00594830513,32.49
1330.007800579071,32.4
1331.0095686912537,32.49
1332.011335849762,32.49
1333.0131282806396,32.49
1334.0144066810608,32.49
1335.0161893367767,32.49
1336.0180172920227,32.49
1337.0198001861572,32.49
1338.021589756012,32.49
1339.0233745574951,32.49
1340.025164604187,32.49
1341.0269467830658,32.49
1342.0287442207336,32.49
1343.0305292606354,32.49
1344.0322947502136,32.49
1345.0340902805328,32.49
1346.0358600616455,32.49
1347.0376315116882,32.49
1348.0393970012665,32.58
1349.041277885437,32.49
1350.043066740036,32.49
1351.0453398227692,32.49
1352.0471777915955,32.49
1353.0489673614502,32.58
1354.0507757663727,32.49
1355.0525884628296,32.49
1356.0544300079346,32.58
1357.0562164783478,32.58
1358.0580141544342,32.58
1359.059807062149,32.58
1360.061578989029,32.58
1361.063354253769,32.58
1362.0651466846466,32.58
1363.066927909851,32.58
1364.0687274932861,32.49
1365.0704975128174,32.58
1366.0722661018372,32.58
1367.0740587711334,32.58
1368.075760602951,32.58
1369.0775446891785,32.58
1370.0793302059174,32.49
1371.0811650753021,32.49
1372.0829594135284,32.49
1373.0847916603088,32.49
1374.086579322815,32.49
1375.0884466171265,32.58
1376.0903027057648,32.49
1377.092114686966,32.49
1378.0939273834229,32.49
1379.0957124233246,32.49
1380.097502231598,32.49
1381.0993220806122,32.49
1382.1011056900024,32.49
1383.102887392044,32.49
1384.104721069336,32.49
1385.10653591156,32.49
1386.1083467006683,32.49
1387.110152721405,32.49
1388.1119349002838,32.58
1389.1137084960938,32.49
1390.1155095100403,32.49
1391.1173193454742,32.49
1392.1191411018372,32.49
1393.1209528446198,32.49
1394.1227860450745,32.49
1395.12464761734,32.49
1396.1264324188232,32.49
1397.1282258033752,32.49
1398.130048274994,32.4
1399.1318559646606,32.49
1400.1336619853973,32.49
1401.1354439258575,32.49
1402.1372246742249,32.49
1403.139003276825,32.49
1404.1407809257507,32.49
1405.1425786018372,32.58
1406.144495010376,32.4
1407.1463449001312,32.49
1408.1481823921204,32.49
1409.1500267982483,32.49
1410.151832818985,32.4
1411.153635263443,32.49
1412.155419588089,32.49
1413.1571950912476,32.49
1414.158968925476,32.49
1415.160789012909,32.49
1416.16259932518,32.49
1417.164446592331,32.58
1418.166205406189,32.49
1419.1680128574371,32.58
1420.1698231697083,32.49
1421.1715850830078,32.58
1422.1733622550964,32.58
1423.1751375198364,32.49
1424.1769156455994,32.58
1425.1787683963776,32.58
1426.1805579662323,32.58
1427.182373046875,32.67
1428.1842303276062,32.58
1429.1860897541046,32.67
1430.187889099121,32.67
1431.189659833908,32.67
1432.1914384365082,32.67
1433.1932022571564,32.67
1434.1950180530548,32.67
1435.1968402862549,32.67
1436.1986191272736,32.67
1437.200407743454,32.67
1438.2022647857666,32.67
1439.204071521759,32.79
1440.205839395523,32.79
1441.2076137065887,32.79
1442.2093813419342,32.67
1443.2111511230469,32.79
1444.212951183319,32.79
1445.2147810459137,32.79
1446.216554403305,32.79
1447.2183833122253,32.88
1448.2197070121765,32.79
1449.221489906311,32.79
1450.2232682704926,32.79
1451.2250463962555,32.79
1452.2268209457397,32.79
1453.2285985946655,32.79
1454.230403661728,32.67
1455.2322976589203,32.79
1456.2341227531433,32.67
1457.2359597682953,32.67
1458.2378005981445,32.67
1459.2395768165588,32.67
1460.2413456439972,32.67
1461.2431333065033,32.67
1462.244985818863,32.67
1463.2470643520355,32.67
1464.2489080429077,32.67
1465.2506890296936,32.67
1466.2525289058685,32.67
1467.2544507980347,32.67
1468.2562251091003,32.67
1469.2580258846283,32.67
1470.2598896026611,32.79
1471.2616579532623,32.79
1472.2634234428406,32.79
1473.2650997638702,32.79
1474.2668697834015,32.79
1475.2686376571655,32.79
1476.2704486846924,32.79
1477.2722353935242,32.79
1478.2740559577942,32.79
1479.275147676468,32.79
1480.2769436836243,32.79
1481.2787277698517,32.79
1482.2805693149567,32.79
1483.282377243042,32.79
1484.2841799259186,32.79
1485.285157442093,32.79
1486.2869448661804,32.79
1487.288717508316,32.79
1488.2905533313751,32.79
1489.292331457138,32.79
1490.2940990924835,32.79
1491.2950699329376,32.88
1492.2968616485596,32.88
1493.2986285686493,32.88
1494.3004927635193,32.88
1495.3022956848145,32.88
1496.3040866851807,32.88
1497.3051962852478,32.79
1498.3069965839386,32.88
1499.308777332306,32.79
1500.3106002807617,32.79
1501.312457561493,32.79
1502.3142607212067,32.79
1503.3161556720734,32.79
1504.3179998397827,32.79
1505.3198008537292,32.79
1506.3216631412506,32.79
1507.3234694004059,32.79
1508.3252398967743,32.79
1509.3270490169525,32.67
1510.328822851181,32.67
1511.330632686615,32.79
1512.33243393898,32.67
1513.3342468738556,32.79
1514.3361287117004,32.67
1515.3379499912262,32.79
1516.339741230011,32.67
1517.3415088653564,32.79
1518.3432910442352,32.67
1519.345097541809,32.79
1520.3469355106354,32.79
1521.3487310409546,32.79
1522.3505909442902,32.79
1523.3523683547974,32.79
1524.354177236557,32.79
1525.355971813202,32.79
1526.357742547989,32.79
1527.3595287799835,32.88
1528.3613286018372,32.79
1529.3631117343903,32.79
1530.3649415969849,32.88
1531.3667120933533,32.88
1532.3684782981873,32.88
1533.3702697753906,32.88
1534.3720433712006,32.88
1535.3738236427307,32.88
1536.3756318092346,32.88
1537.37743973732,32.97
1538.3792548179626,32.88
1539.381100177765,32.88
1540.382900238037,32.88
1541.3847105503082,32.88
1542.386487007141,32.88
1543.38827085495,32.97
1544.390040397644,32.97
1545.3918228149414,32.88
1546.3936314582825,32.97
1547.3954322338104,32.97
1548.397206544876,32.97
1549.3989923000336,32.97
1550.4006493091583,32.97
1551.4024395942688,32.97
1552.4042754173279,32.97
1553.4061117172241,32.97
1554.4078900814056,33.06
1555.4096970558167,33.06
1556.4115197658539,32.97
1557.4133081436157,33.06
1558.4151391983032,33.06
1559.4169385433197,32.97
1560.418734550476,33.06
1561.4205164909363,32.97
1562.4223194122314,33.06
1563.4241018295288,32.97
1564.4259104728699,32.97
1565.427719116211,32.97
1566.4286806583405,32.97
1567.4304640293121,33.06
1568.43226480484,32.97
1569.4340620040894,32.97
1570.4358642101288,32.97
1571.437667608261,32.97
1572.439447402954,32.97
1573.4412679672241,32.97
1574.4430873394012,33.06
1575.4449236392975,32.97
1576.446707725525,32.97
1577.4484944343567,32.97
1578.4503118991852,32.97
1579.452092885971,32.97
1580.453873872757,32.97
1581.4556782245636,32.97
1582.4575004577637,32.97
1583.4593634605408,32.97
1584.461169719696,32.97
1585.4629697799683,32.97
1586.4648213386536,32.97
1587.4666800498962,32.97
1588.46848320961,32.97
1589.470285654068,32.97
1590.4721384048462,32.97
1591.4739656448364,32.97
1592.475766658783,32.97
1593.4775445461273,32.97
1594.4793241024017,33.06
1595.4811282157898,33.06
1596.4829065799713,32.97
1597.4847648143768,32.97
1598.4865465164185,33.06
1599.4883420467377,33.06
1600.4901843070984,33.06
1601.4919686317444,32.97
1602.493768453598,33.06
1603.495568037033,33.06
1604.4974117279053,32.97
1605.4992468357086,32.97
1606.5011060237885,32.97
1607.5029134750366,33.06
1608.504765033722,32.97
1609.5065395832062,33.06
1610.508338689804,32.97
1611.5101211071014,33.06
1612.5118925571442,32.97
1613.5136914253235,32.97
1614.5155034065247,33.06
1615.5172822475433,33.06
1616.5191087722778,33.06
1617.520916223526,33.06
1618.5226922035217,33.06
1619.5245912075043,33.06
1620.5263633728027,33.06
1621.5281233787537,33.06
1622.529893875122,33.06
1623.5316767692566,33.06
1624.5334453582764,33.18
1625.5352478027344,33.06
1626.537284374237,33.06
1627.5391125679016,33.06
1628.5408947467804,33.06
1629.5427203178406,33.18
1630.5445449352264,33.18
1631.5463182926178,33.18
1632.5480976104736,33.06
1633.5498702526093,33.18
1634.5516316890717,33.18
1635.5535109043121,33.18
1636.555293560028,33.18
1637.5570447444916,33.18
1638.5588209629059,33.06
1639.5605766773224,33.06
1640.562352180481,33.06
1641.564129114151,33.06
1642.5651574134827,33.06
1643.566957950592,33.06
1644.5687203407288,33.06
1645.5705053806305,33.06
1646.5722744464874,33.06
1647.5740292072296,33.06
1648.575813293457,33.06
1649.5776286125183,33.06
1650.5794250965118,33.06
1651.581190109253,33.06
1652.5830039978027,33.06
1653.5848605632782,33.06
1654.5866935253143,33.06
1655.5884704589844,33.06
1656.590253829956,33.06
1657.592111825943,33.06
1658.5939044952393,33.06
1659.5951166152954,33.06
1660.5969080924988,33.06
1661.5986914634705,33.06
1662.6004693508148,33.06
1663.6022272109985,33.06
1664.603374004364,32.97
1665.6051003932953,33.06
1666.6068661212921,33.06
1667.6086673736572,33.06
1668.6104605197906,33.06
1669.6122238636017,33.06
1670.6139917373657,33.06
1671.615754365921,33.06
1672.617591381073,33.18
1673.6194047927856,33.18
1674.6211698055267,33.06
1675.6229314804077,33.06
1676.6248927116394,33.06
1677.626707315445,33.18
1678.628485918045,33.06
1679.6302902698517,33.06
1680.632061958313,33.06
1681.6338353157043,33.18
1682.635663509369,33.06
1683.6374671459198,33.06
1684.6392505168915,33.06
1685.6411402225494,33.06
1686.6429693698883,33.06
1687.6448075771332,33.06
1688.646601676941,33.06
1689.6483919620514,33.06
1690.6501786708832,33.06
1691.6520159244537,33.06
1692.6538527011871,33.06
1693.6556525230408,33.06
1694.6574761867523,33.06
1695.6593668460846,33.06
1696.6611576080322,33.06
1697.6629629135132,33.06
1698.664877653122,33.06
1699.6666753292084,32.97
1700.6684894561768,33.06
1701.6702706813812,33.06
1702.6720774173737,33.06
1703.6738712787628,33.06
1704.6756608486176,33.06
1705.6774895191193,32.97
1706.6792979240417,33.06
1707.6811282634735,33.06
1708.6829433441162,33.06
1709.6848294734955,32.97
1710.6866176128387,33.06
1711.6884701251984,33.06
1712.6902725696564,33.06
1713.6920709609985,33.06
1714.6939053535461,33.06
1715.6957159042358,33.06
1716.6975483894348,33.06
1717.6993510723114,33.06
1718.7011497020721,33.06
1719.7029328346252,33.06
1720.704797744751,33.06
1721.7066338062286,33.06
1722.7084164619446,33.18
1723.7101979255676,33.06
1724.7120187282562,33.18
1725.7138056755066,33.18
1726.7155976295471,33.18
1727.7173981666565,33.18
1728.719187259674,33.18
1729.7210245132446,33.18
1730.7228944301605,33.18
1731.7247416973114,33.18
1732.7265331745148,33.18
1733.7283766269684,33.18
1734.7301869392395,33.18
1735.731972694397,33.18
1736.7337708473206,33.18
1737.7355568408966,33.18
1738.7373633384705,33.18
1739.7391817569733,33.18
1740.74099111557,33.18
1741.7427825927734,33.18
1742.744712114334,33.18
1743.7466144561768,33.18
1744.7484362125397,33.18
1745.750238418579,33.18
1746.7520756721497,33.18
1747.7538776397705,33.18
1748.755689382553,33.18
1749.7575523853302,33.18
1750.759351491928,33.18
1751.7612030506134,33.18
1752.7630417346954,33.18
1753.7648952007294,33.18
1754.7666614055634,33.18
1755.768468618393,33.06
1756.7702412605286,33.06
1757.7720007896423,33.18
1758.7737662792206,33.18
1759.7755718231201,33.18
1760.7773506641388,33.18
1761.7791285514832,33.18
1762.7809655666351,33.18
1763.7827501296997,33.18
1764.7846930027008,33.18
1765.786509513855,33.27
1766.7882869243622,33.27
1767.7900745868683,33.27
1768.79185962677,33.27
1769.7936432361603,33.27
1770.795128583908,33.36
1771.79691696167,33.27
1772.798712015152,33.36
1773.8005023002625,33.27
1774.8022611141205,33.27
1775.804038286209,33.27
1776.8050863742828,33.27
1777.806869983673,33.27
1778.80872964859,33.27
1779.8105359077454,33.18
1780.812316417694,33.18
1781.8141214847565,33.18
1782.8159115314484,33.18
1783.817801475525,33.18
1784.8195888996124,33.18
1785.8213908672333,33.18
1786.8231890201569,33.18
1787.8251724243164,33.18
1788.8270282745361,33.18
1789.8288209438324,33.18
1790.8306090831757,33.27
1791.8324427604675,33.18
1792.8342394828796,33.18
1793.8360261917114,33.18
1794.8378002643585,33.18
1795.8395907878876,33.18
1796.8413791656494,33.27
1797.844498872757,33.18
1798.846281528473,33.18
1799.847906589508,33.18
1800.8497111797333,33.18
1801.851490497589,33.18
1802.8532741069794,33.18
1803.8550662994385,33.18
1804.8569128513336,33.18
1805.8587322235107,33.18
1806.8605189323425,33.06
1807.8623213768005,33.18
1808.8641078472137,33.18
1809.8658981323242,33.18
1810.8676974773407,33.18
1811.8694803714752,33.18
1812.8712587356567,33.18
1813.8730380535126,33.18
1814.8748950958252,33.18
1815.8766906261444,33.18
1816.8785452842712,33.18
1817.8803668022156,33.18
1818.8822045326233,33.18
1819.884079694748,33.18
1820.8858914375305,33.18
1821.8876807689667,33.27
1822.8894605636597,33.27
1823.891241312027,33.27
1824.893018245697,33.27
1825.8948488235474,33.27
1826.896677017212,33.27
1827.8984823226929,33.27
1828.900268793106,33.27
1829.902100801468,33.27
1830.9038751125336,33.27
1831.9056522846222,33.27
1832.9074432849884,33.27
1833.9092226028442,33.18
1834.9110016822815,33.18
1835.9128730297089,33.27
1836.9147188663483,33.27
1837.9165070056915,33.27
1838.9183604717255,33.27
1839.9201836585999,33.27
1840.9219834804535,33.27
1841.9237666130066,33.36
1842.925549030304,33.27
1843.9273319244385,33.27
1844.929107427597,33.27
1845.930917263031,33.27
1846.9327006340027,33.36
1847.9345252513885,33.36
1848.936373949051,33.36
1849.9382014274597,33.36
1850.9399950504303,33.27
1851.9417924880981,33.36
1852.943589925766,33.36
1853.9453921318054,33.36
1854.9471793174744,33.27
1855.948971748352,33.36
1856.9507377147675,33.36
1857.9525413513184,33.36
1858.9544064998627,33.36
1859.9561712741852,33.36
1860.957942724228,33.36
1861.9597132205963,33.36
1862.961497783661,33.36
1863.9632692337036,33.36
1864.9651892185211,33.36
1865.9669575691223,33.36
1866.9687452316284,33.36
1867.9705622196198,33.36
1868.9723477363586,33.36
1869.97411775589,33.36
1870.9758894443512,33.36
1871.9776904582977,33.36
1872.9794681072235,33.36
1873.9812414646149,33.36
1874.9830577373505,33.36
1875.9849212169647,33.36
1876.9867346286774,33.36
1877.988553762436,33.36
1878.990347623825,33.36
1879.992253780365,33.36
1880.994077205658,33.36
1881.99586892128,33.36
1882.9976816177368,33.36
1883.9995274543762,33.36
1885.0013117790222,33.36
1886.0031430721283,33.36
1887.005004644394,33.36
1888.0067801475525,33.36
1889.0086414813995,33.36
1890.0104587078094,33.36
1891.0122401714325,33.36
1892.014015197754,33.36
1893.0158121585846,33.36
1894.0176661014557,33.36
1895.019502401352,33.36
1896.021297454834,33.36
1897.023116827011,33.36
1898.0250236988068,33.36
1899.0268168449402,33.36
1900.028602361679,33.36
1901.0304033756256,33.36
1902.0322422981262,33.36
1903.0341155529022,33.36
1904.035118818283,33.36
1905.0369005203247,33.36
1906.0387027263641,33.36
1907.040521144867,33.36
1908.0423357486725,33.36
1909.0441145896912,33.36
1910.0450685024261,33.36
1911.0468587875366,33.36
1912.0486693382263,33.36
1913.050528049469,33.36
1914.0523245334625,33.36
