849.9474487	-0.001649218
849.5406494	-0.001439667
848.9981689	-0.001452205
848.4555054	-0.00191104
848.0484619	-0.001358078
847.5056152	-0.001672994
846.9625854	-0.002108875
846.5552979	-0.001128662
846.012085	-0.002016436
845.46875	-0.000779451
845.0611572	-0.001459274
844.5175781	-0.002181308
843.973877	-0.000781467
843.565979	-0.001759679
843.0220337	-0.001369381
842.4779663	-0.001077641
841.9337769	-0.001212203
841.5255737	-0.001054762
840.9811401	-0.000997018
840.4365845	-0.001242456
840.0280762	-0.001680575
839.4833374	-0.001139557
838.9384155	-0.001069997
838.5296631	-0.000942313
837.9844971	-0.001127887
837.43927	-0.001215766
837.0302124	-0.001105631
836.4847412	-0.001529236
835.9391479	-0.00165747
835.5298462	-0.001424341
834.9840088	-0.001245708
834.4379883	-0.001224594
834.0284424	-0.001407622
833.4822388	-0.001036169
832.9359131	-0.000934719
832.526123	-0.000986945
831.9795532	-0.000904497
831.4328613	-0.001408447
831.0227661	-0.000871896
830.4758911	-0.002379689
830.0656128	-0.000939162
829.5184937	-0.000977492
828.9712524	-0.001142397
828.56073	-0.001601817
828.0132446	-0.001392811
827.4656372	-0.001753594
827.0548706	-0.001460616
826.507019	-0.001157371
825.9591064	-0.001398281
825.5480347	-0.001727451
824.9998779	-0.001125254
824.4515381	-0.001123601
824.0402222	-0.001203943
823.4916992	-0.000971242
822.9430542	-0.001275443
822.5314941	-0.001503286
821.982605	-0.001083941
821.4335938	-0.001827633
821.0217896	-0.001476044
820.4725342	-0.001173687
820.0605469	-0.001257014
819.5111084	-0.001104805
818.9615479	-0.000442166
818.5492554	-0.001250148
817.9994507	-0.000886362
817.449585	-0.000669878
817.0370483	-0.001904597
816.4868774	-0.001330621
815.9366455	-0.00095652
815.5238647	-0.000824152
814.9733887	-0.000781829
814.5604248	-0.001173326
814.0097046	-0.001023567
813.4588623	-0.000528839
813.0456543	-0.000644393
812.4946289	-0.000737228
811.9434814	-0.001178489
811.5299683	-0.000654732
810.9785767	-0.001035394
810.5650024	-0.001178231
810.0133667	-0.000793715
809.4616089	-0.000552883
809.0477295	-0.00118231
808.4957886	-0.001438635
807.9437256	-0.00086151
807.529541	-0.000963855
806.9772339	-0.001230892
806.5629272	-0.000373788
806.010437	-0.000505
805.4578247	-0.000620716
805.0432129	-0.001164961
804.4903564	-0.000754076
803.9373779	-0.000519169
803.522583	-0.001385225
802.9693604	-0.000716243
802.5543823	-0.001089829
802.0009766	-0.000922114
801.4474487	-0.00118737
801.0322266	-0.001448645
800.4784546	-0.000347406
800.0630493	-0.000499209
799.5090942	-0.000196016
798.9550171	-0.000663416
798.5393677	-0.000703787
797.9850464	-0.000711953
797.5692139	-0.000472886
797.0147095	-0.000997999
796.460083	-9.62E-05
796.0440063	0.000803959
795.4891357	0.000230524
794.9341431	0.000318955
794.5178223	-5.15E-05
793.9626465	3.15E-05
793.5461426	-0.000380823
792.9907227	-0.000422874
792.4351807	8.54E-05
792.0184937	-0.00037027
791.4627075	0.000615487
791.0458374	0.000508931
790.4898682	5.20E-05
789.9337769	0.000665779
789.5166016	9.24E-05
788.9603271	0.000233088
788.5430298	0.000265956
787.9865112	0.001080244
787.5690308	0.00059957
787.0123291	0.000594075
786.4555054	0.001404304
786.0377808	0.001337437
785.4807129	0.001375504
785.0628662	0.000269194
784.5055542	0.001796183
783.9481812	0.001687207
783.5300903	0.002418127
782.9724731	0.001631339
782.5541992	0.00262715
781.9963989	0.002633609
781.4384155	0.002566292
781.0198975	0.002878121
780.461792	0.002998604
780.0430908	0.003486117
779.4847412	0.002890447
779.065918	0.003685786
778.5073242	0.003899548
777.9486694	0.00407994
777.529541	0.004402638
776.9706421	0.004687738
776.5513916	0.004847778
775.9923096	0.005375136
775.4331055	0.006894678
775.0136108	0.006250223
774.4541626	0.007278672
774.0344849	0.007221133
773.4748535	0.007499109
773.0550537	0.008078167
772.4951782	0.008776584
771.9352417	0.00880712
771.5151978	0.008820011
770.9550171	0.00998294
770.53479	0.010691327
769.9744263	0.011282763
769.5540161	0.011404698
768.9934692	0.012812808
768.4327393	0.013043168
768.012146	0.01375443
767.4512329	0.014774366
767.0304565	0.015070887
766.4692993	0.017010253
766.0484009	0.017146545
765.4870605	0.018444249
765.065979	0.018691074
764.5044556	0.020095583
763.9428101	0.021927951
763.5214844	0.022508945
762.9595947	0.023948086
762.538147	0.024510073
761.9760742	0.026381444
761.5544434	0.027508471
760.9921875	0.029580869
760.4297485	0.031124538
760.0079346	0.032435969
759.4453125	0.034714404
759.0233154	0.036102809
758.4605103	0.038892809
758.0383301	0.040156074
757.4752808	0.043665525
757.0529785	0.044394445
756.4897461	0.047852147
756.0672607	0.049378615
755.5038452	0.052344885
754.9403687	0.056076415
754.5176392	0.057576638
753.9538574	0.062211588
753.5310059	0.06338571
752.967041	0.06803675
752.5440674	0.07074634
751.9799194	0.075190023
751.5567017	0.078677267
750.9923706	0.082709946
750.5690308	0.086682685
750.0045166	0.090768792
749.4398193	0.097042076
749.0162354	0.100087784
748.451416	0.105864525
748.0276489	0.109375604
747.4625854	0.117129065
747.0387573	0.122317165
746.4734497	0.127439261
746.0494385	0.134925246
745.4840088	0.139924452
745.0598145	0.147008255
744.4941406	0.152882099
744.0698242	0.161734149
743.5039673	0.16880919
742.9379272	0.178921521
742.5133667	0.186348021
741.9472046	0.194870859
741.5224609	0.203457221
740.9561157	0.212809637
740.53125	0.221667141
739.9646606	0.229871094
739.5396729	0.241608843
738.9728394	0.250880152
738.5476685	0.260141611
737.9807129	0.27414754
737.5554199	0.281228244
736.9882202	0.298371106
736.5627441	0.30518201
735.9953613	0.32321462
735.5697632	0.333232194
735.0021973	0.349752069
734.4345093	0.362822831
734.008667	0.373665482
733.4407349	0.392257869
733.0147705	0.400410354
732.4466553	0.421008349
732.0205078	0.429659307
731.4522705	0.450998604
731.0259399	0.462011635
730.4574585	0.482403427
730.0310669	0.494868308
729.4623413	0.511319816
729.0357666	0.526706994
728.4669189	0.54072845
728.0401611	0.556788385
727.4710693	0.572340846
727.0441895	0.590191841
726.4749146	0.6041888
726.0479126	0.618531704
725.4784546	0.638412714
725.0512695	0.64730823
724.4816284	0.668975174
724.0543213	0.676224053
723.484436	0.699541867
723.0569458	0.711526692
722.4869385	0.728909314
722.0593262	0.740502894
721.4890747	0.756255865
721.0612793	0.770867705
720.4908447	0.780093908
720.0629883	0.794992864
719.4923096	0.80507648
719.06427	0.820783496
718.4934692	0.831051827
718.0652466	0.838805378
717.4942017	0.852142155
717.0658569	0.857546747
716.4946899	0.870559573
716.0661621	0.876346409
715.494751	0.886838675
715.0661621	0.892254651
714.4945679	0.898935914
714.0657959	0.904354632
713.4939575	0.909800828
713.0650635	0.913503289
712.493042	0.916941702
712.0640259	0.919448376
711.4918213	0.920581162
711.0626221	0.922533393
710.4902344	0.923777759
710.0609131	0.924589276
709.4883423	0.921682954
709.0588379	0.920917451
708.486084	0.917547286
708.0564575	0.915780187
707.4834595	0.910641313
707.0537109	0.906810045
706.4805908	0.900465787
706.0506592	0.894695163
705.4772949	0.886734545
705.0472412	0.880191326
704.4737549	0.872046948
704.0435181	0.862193883
703.4697876	0.855851591
703.0394897	0.844852448
702.4655762	0.836615384
702.0350952	0.827001393
701.4609985	0.811701775
701.0303345	0.804145634
700.4560547	0.787573338
700.0252686	0.78099364
699.4508057	0.764451265
699.0198975	0.756963015
698.4452515	0.740438938
698.0142212	0.730897963
697.4393311	0.716824234
697.0081177	0.704492927
696.4331055	0.692280054
696.00177	0.677936852
695.5703735	0.667942286
694.9950562	0.65059197
694.5635376	0.640419781
693.9880371	0.626345813
693.5563354	0.614511967
692.9807129	0.601628542
692.5488892	0.58665055
691.9730225	0.576010346
691.5410156	0.561520636
690.9649658	0.548384488
690.5328979	0.538245142
689.956665	0.521810293
689.5244141	0.515592873
688.947998	0.499474824
688.515625	0.493714988
687.9390259	0.476209551
687.5064697	0.46845907
686.9296875	0.455055803
686.4970093	0.445307106
686.06427	0.439604461
685.4872437	0.424195468
685.0543823	0.420563191
684.4771729	0.407141149
684.0441284	0.400946081
683.4667358	0.389825493
683.0335693	0.381717295
682.4559937	0.374613375
682.0227051	0.367694795
681.4448853	0.360656172
681.0114746	0.353056043
680.4335327	0.347331405
679.999939	0.341021389
679.5663452	0.335318893
678.9880981	0.330329001
678.5543823	0.325617105
677.9759521	0.321913868
677.5420532	0.31689328
676.9634399	0.313099712
676.5294189	0.308887333
675.9506226	0.305630863
675.5164795	0.301550657
674.9375	0.298633456
674.5032349	0.297495872
674.0688477	0.294987738
673.489624	0.292713851
673.0551758	0.291537374
672.475769	0.289981186
672.0411377	0.288525701
671.4615479	0.287406951
671.0267334	0.287287682
670.4469604	0.286576748
670.012085	0.286500216
669.4321289	0.287119478
668.9971313	0.286840886
668.5620117	0.287557811
667.9818115	0.287928522
667.5465698	0.28816247
666.9661865	0.289096922
666.5308228	0.290253967
665.9502563	0.292410433
665.5147705	0.293195069
664.934021	0.29512918
664.4983521	0.296159178
664.0626831	0.296886265
663.4816895	0.298646033
663.0458374	0.300374031
662.4646606	0.302975506
662.0286865	0.303825826
661.4473267	0.306714147
661.0112305	0.308062077
660.4296875	0.309288383
659.9934692	0.311105728
659.5571899	0.311718583
658.9754028	0.315025687
658.5390015	0.315985322
657.9570313	0.317949534
657.5204468	0.319241166
656.9382935	0.320134223
656.5016479	0.321144551
656.0648804	0.321824789
655.4824829	0.323191285
655.0455933	0.323926359
654.4630127	0.324564904
654.026062	0.325205386
653.4432983	0.325163096
653.0061646	0.325261504
652.5689697	0.325005204
651.9859619	0.324823141
651.548584	0.324579179
650.9654541	0.323134452
650.5279541	0.322624654
649.9445801	0.321092933
649.507019	0.319574148
649.069397	0.319211215
648.4857788	0.31643495
648.0479736	0.314778537
647.4641724	0.312361211
647.0263062	0.310523242
646.4423218	0.307515204
646.0042725	0.304901242
645.5662231	0.302956253
644.9819946	0.299223542
644.5437622	0.29692018
643.9594116	0.293032795
643.5210571	0.289804012
642.9364624	0.286492854
642.4979858	0.282236129
642.0594482	0.279954732
641.4746704	0.274264336
641.0359497	0.270637244
640.4509888	0.265796363
640.012207	0.26104185
639.427063	0.257520348
638.9880981	0.253312111
638.5491333	0.250219077
637.9637451	0.242950469
637.5245972	0.239376202
636.9390259	0.233600497
636.4998169	0.229528472
636.0604858	0.227026507
635.4746704	0.220797747
635.0352783	0.218317315
634.4492798	0.209929377
634.0097046	0.20688127
633.5701294	0.20354338
632.9838867	0.197882772
632.5441284	0.194798663
631.9577637	0.187539384
631.5178833	0.185382605
630.9313354	0.178657994
630.491333	0.176172912
630.0512695	0.171998024
629.4644775	0.166903302
629.024292	0.163900316
628.4373169	0.15905793
627.9970093	0.156793013
627.5566406	0.151808977
626.9694214	0.14823179
626.5289307	0.145341918
625.9415283	0.140426695
625.5009155	0.139102027
625.0602417	0.135668144
624.4725952	0.132736042
624.0317993	0.128513217
623.4440308	0.125878513
623.0031128	0.123690479
622.5621338	0.121071525
621.9740601	0.118575148
621.53302	0.11540693
620.9447632	0.113714777
620.50354	0.110892847
620.0622559	0.109956071
619.4738159	0.107914046
619.0324097	0.105559453
618.4437866	0.103890888
618.0022583	0.101146162
617.56073	0.100466862
616.9718628	0.098282412
616.5301514	0.097212784
615.9411011	0.095812015
615.4992676	0.094255634
615.057373	0.093441457
614.4681396	0.091609493
614.026123	0.090799101
613.4367065	0.088967361
612.9945679	0.088756584
612.5523682	0.087995015
611.9627075	0.086191863
611.5203857	0.08595261
610.930603	0.084685057
610.4881592	0.084032893
610.0456543	0.083365083
609.4556274	0.082509004
609.0130005	0.082450375
608.5703125	0.081974223
607.9800415	0.080235578
607.5372314	0.080062076
606.9467773	0.079107396
606.5039063	0.078642368
606.0609131	0.078222528
605.4702148	0.077956147
605.0271606	0.077617221
604.4362793	0.07657408
603.993103	0.075693853
603.5498047	0.075323097
602.9587402	0.075008981
602.5153809	0.074275337
602.0718994	0.073605061
601.4805908	0.073166348
601.0370483	0.072567917
600.4455566	0.071443066
600.0018921	0.071145959
599.5581665	0.070569918
598.9664307	0.069237895
598.522583	0.069358498
597.9307251	0.068091013
597.4867554	0.067495994
597.0427246	0.067178123
596.4506226	0.066315696
596.0064697	0.065628611
595.5622559	0.064512201
594.9699097	0.063740715
594.5256348	0.063102856
593.9331055	0.061996318
593.4887085	0.061116457
593.0441895	0.060042869
592.4514771	0.059277199
592.006897	0.05790782
591.5621948	0.057593014
590.9692383	0.055872317
590.5244751	0.055451002
589.9313965	0.054574221
589.4864502	0.053830668
589.0415039	0.052967329
588.4481812	0.051669825
588.0031128	0.05109562
587.5579834	0.049638852
586.9644165	0.04849666
586.519165	0.047861483
586.0739136	0.046994712
585.4801025	0.04621961
585.034729	0.045063794
584.4407349	0.043654505
583.9952393	0.04272633
583.5496826	0.041157536
582.9555054	0.040381894
582.5097656	0.040037066
582.0640259	0.039369576
581.4696655	0.038048431
581.0238037	0.036537323
580.4291992	0.035678312
579.9832153	0.035026744
579.5372314	0.034825373
578.9424438	0.033365645
578.4962769	0.032449946
578.0501099	0.031800661
577.4550781	0.030674458
577.0087891	0.030498421
576.562439	0.030073954
575.9671631	0.028893748
575.5206909	0.027749991
575.0741577	0.027437877
574.4786987	0.026363896
574.0321045	0.025901187
573.4364624	0.025594711
572.9896851	0.02481647
572.5429077	0.02420181
571.9470825	0.023483545
571.5001221	0.023397811
571.0531616	0.022384644
570.4571533	0.021761438
570.0100098	0.021538677
569.5629272	0.021444133
568.9666138	0.020095095
568.5193481	0.019507192
568.0720825	0.019248702
567.4755859	0.019104283
567.0281372	0.019161148
566.4315186	0.018115783
565.9840088	0.018204017
565.536438	0.017219581
564.9395752	0.017125702
564.4918823	0.016911926
564.0441284	0.016422747
563.4470215	0.016247984
562.9991455	0.015718054
562.5512695	0.0152633
561.9539795	0.015182577
561.5059204	0.015053521
561.0578613	0.014806692
560.4603882	0.014291625
560.012207	0.01414874
559.5639648	0.014035952
558.9662476	0.013799267
558.5178833	0.013438968
558.069458	0.013400923
557.4715576	0.013447966
557.0230103	0.013743556
556.5744629	0.012362896
555.9763184	0.012147725
555.5276489	0.012123794
554.9293823	0.012047485
554.4805908	0.011773765
554.0317383	0.011441479
553.4332275	0.010903734
552.984314	0.010861875
552.5352783	0.010545351
551.9365845	0.010376834
551.4874878	0.010176822
551.0383301	0.00979084
550.4393921	0.01035194
549.9901123	0.009525814
549.5408325	0.009520734
548.9416504	0.008951826
548.4922485	0.008850576
548.0427856	0.009288374
547.4434204	0.008526801
546.9938354	0.008413168
546.5441895	0.008077824
545.9446411	0.007419816
545.494873	0.00773386
545.045105	0.007567748
544.4453125	0.007100263
543.9954224	0.007119182
543.5454712	0.006935787
542.9454956	0.006885736
542.4954224	0.006663298
542.0453491	0.005968479
541.4451294	0.005716188
540.9949341	0.005673752
540.5446777	0.005198502
539.9442749	0.005298195
539.4938965	0.004907648
539.043457	0.005035452
538.4428711	0.004591297
537.9923706	0.00495069
537.541748	0.00472508
536.940918	0.004401775
536.4902954	0.003770041
536.0395508	0.003585601
535.4385376	0.00370239
534.9876709	0.003856583
534.5368042	0.003854311
533.9355469	0.004007173
533.4845581	0.003468112
533.0335693	0.003472287
532.4321289	0.00303137
531.980957	0.002748501
531.5297852	0.001879863
530.9281616	0.002189873
530.4768677	0.002508358
530.0255127	0.002162739
529.5740967	0.001955577
528.972229	0.001770139
528.5206909	0.001663378
528.0691528	0.001194804
527.467041	0.001747085
527.0154419	0.001862107
526.5637207	0.001773388
525.9614258	0.001186576
525.5095825	0.00104913
525.0577393	0.001104222
524.4552612	0.00079841
524.0032959	0.000676642
523.5513306	0.000966985
522.9485474	0.000970383
522.49646	0.000729328
522.0443115	0.000469592
521.4414063	0.000828779
520.9891357	0.000733477
520.5368652	-1.97E-05
519.9337158	0.000114612
519.4813232	0.000898317
519.0288696	6.21E-06
518.4255371	1.98E-05
517.9730225	-0.000315694
517.5203857	-0.00024771
517.067749	-8.41E-05
516.4641724	0.000207474
516.0114136	0.000145529
515.5586548	-0.000159221
514.954834	-0.000186028
514.5019531	-0.000330697
514.0490112	-0.000283566
513.4450684	-0.000686884
512.9920044	-0.0007456
512.5389404	-0.000622112
511.9347229	-0.00065039
511.4815369	-0.000897522
511.0283203	-0.000946188
510.5750122	-0.000793353
509.9705811	-0.000875254
509.5172119	-0.000951664
509.0637817	-0.00070296
508.459137	-0.000961582
508.0056152	-0.000834951
507.5520325	-0.001239204
506.9472046	-0.001091636
506.4935303	-0.000949442
506.0398254	-0.00118009
505.4347839	-0.001167182
504.980957	-0.0009871
504.5270996	-0.001199399
504.0731812	-0.001289328
503.467926	-0.001034671
503.0138855	-0.001390643
502.559845	-0.001334492
501.9543762	-0.00120828
501.5002136	-0.001391779
501.0460205	-0.001109659
500.4403381	-0.001231408
499.9860535	-0.001238326
