0.0007319450378417969,30.46
1.0955331325531006,30.46
2.1978957653045654,30.46
3.3164844512939453,30.46
4.426350355148315,30.46
5.531400918960571,30.46
6.620901346206665,30.55
7.7139811515808105,30.46
8.792048454284668,30.55
9.885969161987305,30.46
10.988250017166138,30.55
12.074341535568237,30.55
13.179508924484253,30.55
14.272322177886963,30.55
15.379879474639893,30.55
16.476993322372437,30.64
17.589521646499634,30.64
18.68266797065735,30.64
19.77871012687683,30.64
20.876373529434204,30.64
21.96818208694458,30.64
23.058463096618652,30.64
24.153130054473877,30.64
25.23286771774292,30.55
26.326769590377808,30.55
27.417380571365356,30.55
28.51814579963684,30.55
29.607344150543213,30.46
30.70502781867981,30.46
31.780940055847168,30.46
32.875524282455444,30.37
33.962836503982544,30.37
35.05512738227844,30.37
36.14669132232666,30.37
37.24914050102234,30.37
38.33967924118042,30.37
39.43259263038635,30.37
40.511221170425415,30.37
41.604987144470215,30.37
42.719512939453125,30.37
43.817243337631226,30.37
44.90404653549194,30.37
46.01737976074219,30.37
47.105015993118286,30.37
48.20833349227905,30.37
49.28966450691223,30.37
50.37915849685669,30.37
51.48230957984924,30.37
52.59854793548584,30.37
53.68925452232361,30.46
54.78102231025696,30.46
55.87179708480835,30.46
56.96261262893677,30.46
58.05873227119446,30.46
59.150553703308105,30.46
60.244558811187744,30.46
61.33485746383667,30.46
62.42981934547424,30.46
63.52278709411621,30.46
64.60579633712769,30.46
65.70971179008484,30.46
66.79927802085876,30.46
67.90820169448853,30.46
68.99180483818054,30.46
70.1007673740387,30.46
71.19755053520203,30.46
72.32076358795166,30.46
73.41868758201599,30.46
74.51663637161255,30.55
75.61069750785828,30.55
76.69115829467773,30.55
77.80982327461243,30.55
78.92035937309265,30.55
80.02935242652893,30.55
81.13662385940552,30.55
82.21411752700806,30.55
83.30609154701233,30.55
84.40174984931946,30.55
85.49368619918823,30.55
86.58119654655457,30.55
87.67109322547913,30.55
88.76068687438965,30.55
89.86006450653076,30.55
90.95624780654907,30.55
92.05087399482727,30.55
93.16383647918701,30.55
94.27070641517639,30.46
95.36432099342346,30.46
96.48162508010864,30.46
97.56106638908386,30.46
98.65313076972961,30.46
99.74194693565369,30.46
100.82900500297546,30.46
101.92211484909058,30.46
103.01864457130432,30.46
104.09744429588318,30.46
105.18723368644714,30.46
106.28345489501953,30.46
107.3762092590332,30.46
108.4651153087616,30.46
109.55606412887573,30.46
110.65762424468994,30.46
111.74921679496765,30.46
112.83917784690857,30.46
113.9308488368988,30.46
115.02016091346741,30.46
116.12749338150024,30.46
117.24034595489502,30.46
118.35440182685852,30.46
119.46650433540344,30.46
120.57798981666565,30.46
121.68746709823608,30.46
122.79737114906311,30.46
123.91303181648254,30.37
125.02578067779541,30.46
126.13873028755188,30.46
127.2476077079773,30.46
128.35817646980286,30.37
129.45095944404602,30.37
130.53101181983948,30.46
131.62100410461426,30.37
132.71878504753113,30.37
133.82044053077698,30.37
134.9155957698822,30.37
136.00293111801147,30.37
137.09010457992554,30.37
138.18071484565735,30.37
139.26729106903076,30.37
140.35659050941467,30.37
141.44542121887207,30.37
142.53385472297668,30.25
143.62079501152039,30.25
144.7064130306244,30.25
145.7938687801361,30.25
146.88298964500427,30.25
147.9724404811859,30.25
149.06448125839233,30.25
150.15542006492615,30.25
151.23461174964905,30.25
152.3237919807434,30.25
153.44592237472534,30.25
154.55811381340027,30.25
155.63725996017456,30.25
156.73476433753967,30.25
157.80964136123657,30.25
158.9058496952057,30.25
160.00791025161743,30.25
161.09516072273254,30.25
162.1978657245636,30.25
163.28760147094727,30.25
164.38844084739685,30.25
165.4760262966156,30.25
166.5657467842102,30.25
167.65380239486694,30.25
168.74871277809143,30.25
169.84156918525696,30.25
170.94753670692444,30.25
172.05713295936584,30.25
173.16985607147217,30.25
174.2781994342804,30.25
175.36316680908203,30.25
176.45503306388855,30.25
177.54741764068604,30.25
178.652361869812,30.25
179.74234056472778,30.25
180.83001685142517,30.37
181.9181637763977,30.37
182.99731993675232,30.37
184.09171867370605,30.37
185.1817910671234,30.37
186.27227187156677,30.37
187.3614583015442,30.37
188.45440769195557,30.37
189.5639293193817,30.37
190.6884753704071,30.37
191.780916929245,30.37
192.8716869354248,30.37
193.98066115379333,30.37
195.08968997001648,30.37
196.20379424095154,30.37
197.28994584083557,30.37
198.39760398864746,30.37
199.50970482826233,30.37
200.61976146697998,30.37
201.71477246284485,30.37
202.8206970691681,30.37
203.9129273891449,30.37
205.0184462070465,30.37
206.12930560112,30.37
207.23588252067566,30.37
208.3455364704132,30.37
209.45507669448853,30.37
210.55023074150085,30.25
211.6290078163147,30.25
212.7242877483368,30.25
213.82305669784546,30.25
214.91622304916382,30.25
216.0106635093689,30.25
217.10353636741638,30.25
218.19479155540466,30.25
219.30684733390808,30.16
220.39773535728455,30.25
221.48996663093567,30.25
222.6115415096283,30.25
223.70443201065063,30.25
224.8051769733429,30.25
225.9091091156006,30.25
227.0284230709076,30.25
228.14013028144836,30.25
229.2353024482727,30.25
230.3296709060669,30.25
231.42407369613647,30.25
232.51940202713013,30.25
233.59990048408508,30.25
234.7001929283142,30.25
235.77852630615234,30.16
236.87052130699158,30.16
237.94993925094604,30.25
239.04057145118713,30.25
240.13714170455933,30.16
241.23518681526184,30.25
242.32067704200745,30.25
243.4066801071167,30.25
244.50110840797424,30.25
245.59375953674316,30.25
246.68688559532166,30.25
247.77704119682312,30.25
248.86720848083496,30.25
249.9651801586151,30.25
251.06294012069702,30.25
252.15257048606873,30.25
253.2598476409912,30.25
254.34886717796326,30.25
255.4359622001648,30.25
256.52409768104553,30.25
257.6132414340973,30.25
258.70140624046326,30.25
259.8051698207855,30.16
260.9083683490753,30.16
262.01652693748474,30.16
263.11887526512146,30.16
264.2149887084961,30.16
265.3247528076172,30.16
266.42733550071716,30.16
267.53606724739075,30.16
268.63089871406555,30.16
269.709144115448,30.07
270.8242881298065,30.16
271.91638469696045,30.07
273.01096367836,30.16
274.1021535396576,30.16
275.1910650730133,30.07
276.28355145454407,30.07
277.3773283958435,30.07
278.467077255249,30.07
279.5551791191101,30.16
280.65929436683655,30.07
281.7470819950104,30.07
282.8435912132263,30.07
283.93074798583984,30.07
285.0330936908722,30.07
286.1150493621826,30.07
287.20545768737793,30.07
288.29586911201477,30.07
289.39953994750977,30.07
290.49112129211426,30.07
291.5707759857178,30.07
292.666481256485,30.07
293.7662043571472,30.07
294.8532841205597,30.07
295.9454791545868,30.07
297.0386006832123,30.07
298.12624883651733,30.07
299.2231125831604,30.07
300.3134961128235,30.07
301.41514563560486,30.07
302.50176548957825,30.07
303.6193675994873,30.07
304.73427510261536,30.07
305.8487083911896,30.07
306.94414710998535,30.07
308.0526719093323,30.16
309.14780712127686,30.07
310.23670268058777,30.07
311.33189487457275,30.07
312.44432950019836,30.07
313.5544970035553,30.07
314.6601266860962,30.07
315.75364232063293,30.07
316.8759481906891,30.07
317.9697780609131,30.07
319.0751383304596,30.07
320.18005752563477,30.07
321.25899505615234,30.07
322.3485906124115,30.16
323.43938660621643,30.16
324.5338308811188,30.07
325.62307262420654,30.07
326.71454977989197,30.07
327.8036711215973,30.07
328.8858606815338,30.07
329.97367882728577,30.07
331.0788366794586,30.07
332.1869230270386,30.07
333.2777419090271,30.07
334.3816750049591,30.07
335.4724950790405,30.07
336.5500113964081,30.07
337.6392788887024,30.07
338.7487585544586,30.07
339.83686780929565,30.07
340.92628383636475,30.07
342.01802468299866,30.07
343.1291570663452,30.07
344.2330882549286,30.07
345.45293617248535,29.98
346.62486934661865,29.98
347.79649233818054,29.98
348.9635286331177,29.98
350.03335523605347,30.07
351.25482058525085,29.98
352.42009830474854,29.98
353.5899648666382,29.98
354.64961528778076,30.07
355.865953207016,29.98
357.0713667869568,29.98
358.2474629878998,29.98
359.4210059642792,29.98
360.6161994934082,29.98
361.78095841407776,29.98
362.9434325695038,29.98
364.1170394420624,29.98
365.2627477645874,29.98
366.4376394748688,29.98
367.6078453063965,29.98
368.7557518482208,29.98
369.9366309642792,29.98
371.125146150589,29.98
372.2956428527832,29.98
373.443963766098,29.98
374.62508845329285,29.98
375.7978484630585,29.98
376.85299921035767,30.07
378.04601097106934,29.98
379.21623063087463,29.98
380.38869404792786,29.98
381.5726101398468,29.98
382.64728331565857,30.07
383.7354280948639,30.07
384.9701261520386,29.98
386.027485370636,30.07
387.27404713630676,29.98
388.3411295413971,30.07
389.5337543487549,29.98
390.7041335105896,29.98
391.8853726387024,29.98
392.9369885921478,30.07
394.1248905658722,29.98
395.1787836551666,30.07
396.26835680007935,30.07
397.47346115112305,29.98
398.54123640060425,30.07
399.6358690261841,30.07
400.86871433258057,29.98
401.93867111206055,30.07
403.1658284664154,29.98
404.3412985801697,29.98
405.5163962841034,29.98
406.69224071502686,29.98
407.85708689689636,29.98
408.9085292816162,30.07
410.10050988197327,29.98
411.27591609954834,29.98
412.4556214809418,29.98
413.5391728878021,30.07
414.74876403808594,29.98
415.92122316360474,29.98
416.99345541000366,30.07
418.0825746059418,30.07
419.19859743118286,30.07
420.4231307506561,29.98
421.4720413684845,30.07
422.55891132354736,30.07
423.65413522720337,30.07
424.73410272598267,30.07
425.837375164032,30.07
426.9483413696289,30.07
428.02668380737305,30.07
429.12035274505615,30.07
430.2019293308258,30.07
431.29834389686584,30.07
432.3906455039978,30.07
433.48558044433594,30.07
434.57850670814514,30.16
435.66803073883057,30.07
436.75859332084656,30.16
437.8531057834625,30.16
438.9434907436371,30.16
440.04642629623413,30.16
441.149090051651,30.16
442.23825311660767,30.16
443.3481562137604,30.16
444.4315972328186,30.16
445.5301105976105,30.16
446.60859060287476,30.16
447.7028214931488,30.16
448.81691789627075,30.16
449.90725684165955,30.07
451.01697540283203,30.16
452.1122980117798,30.16
453.1915373802185,30.16
454.2875919342041,30.16
455.3825204372406,30.16
456.47211599349976,30.16
457.5649859905243,30.25
458.65711402893066,30.25
459.7473804950714,30.25
460.83724761009216,30.25
461.9451961517334,30.25
463.02585673332214,30.25
464.12204599380493,30.25
465.21677017211914,30.25
466.3274645805359,30.25
467.41973972320557,30.25
468.50730991363525,30.25
469.60312032699585,30.25
470.69933104515076,30.25
471.8086271286011,30.25
472.91799116134644,30.25
474.0278434753418,30.25
475.1384732723236,30.25
476.2473609447479,30.25
477.3574855327606,30.25
478.45981335639954,30.25
479.5397207736969,30.25
480.64994168281555,30.16
481.75907349586487,30.16
482.84972500801086,30.16
483.95868706703186,30.16
485.05907559394836,30.16
486.1670572757721,30.16
487.27729320526123,30.16
488.3784852027893,30.16
489.47059202194214,30.16
490.57883477211,30.16
491.67027950286865,30.16
492.7649688720703,30.16
493.874995470047,30.16
494.97864389419556,30.16
496.0683319568634,30.16
497.1704468727112,30.16
498.26835680007935,30.16
499.34984016418457,30.16
500.45111107826233,30.16
501.54613995552063,30.16
502.63937401771545,30.16
503.7486197948456,30.16
504.8587658405304,30.16
505.9673480987549,30.16
507.07354044914246,30.16
508.1703984737396,30.16
509.2663013935089,30.16
510.38117718696594,30.16
511.49061036109924,30.16
512.5816013813019,30.16
513.65886926651,30.16
514.7463669776917,30.16
515.8562774658203,30.16
516.9545080661774,30.16
518.0422477722168,30.16
519.1301429271698,30.16
520.232085943222,30.16
521.3431437015533,30.16
522.4470307826996,30.16
523.5489521026611,30.16
524.6291046142578,30.16
525.7372510433197,30.16
526.832243680954,30.16
527.9103717803955,30.16
529.004373550415,30.16
530.1096365451813,30.16
531.2266538143158,30.16
532.3383181095123,30.16
533.4185168743134,30.16
534.513551235199,30.16
535.6119809150696,30.16
536.7233691215515,30.16
537.8282833099365,30.16
538.9147193431854,30.16
540.0051965713501,30.16
541.1213953495026,30.16
542.1982643604279,30.16
543.3131408691406,30.16
544.4069819450378,30.16
545.4991652965546,30.16
546.6013910770416,30.16
547.6993341445923,30.16
548.7805199623108,30.16
549.8780696392059,30.16
550.9589240550995,30.16
552.0607664585114,30.16
553.1680676937103,30.16
554.2567451000214,30.16
555.3445494174957,30.16
556.4353318214417,30.07
557.5082941055298,30.16
558.6056640148163,30.07
559.702229976654,30.07
560.7884457111359,30.07
561.8762588500977,30.07
562.9857656955719,30.07
564.0979824066162,30.07
565.179149389267,30.07
566.2821636199951,30.07
567.3717103004456,30.07
568.4683158397675,30.07
569.5515668392181,30.07
570.6422297954559,30.07
571.7362191677094,30.07
572.8271062374115,30.07
573.9185583591461,30.07
575.0317177772522,30.07
576.1366777420044,30.07
577.2460913658142,30.07
578.3505198955536,30.07
579.4677069187164,30.07
580.5764286518097,30.07
581.6674189567566,30.07
582.7877805233002,30.07
583.8824362754822,30.07
584.9742772579193,30.07
586.0684237480164,30.07
587.1751048564911,30.07
588.2886183261871,30.07
589.39772772789,30.07
590.5052230358124,30.07
591.6168732643127,30.07
592.709988117218,30.07
593.9060690402985,29.98
594.9604036808014,30.07
596.056643486023,30.07
597.1522977352142,30.07
598.2504680156708,30.07
599.3568024635315,30.07
600.4671726226807,30.07
601.5758380889893,30.07
602.6856937408447,30.07
603.7958223819733,30.07
604.9058961868286,30.07
606.0178508758545,30.07
607.1283452510834,30.07
608.2401506900787,30.07
609.3346703052521,30.07
610.4365606307983,30.07
611.5278086662292,30.07
612.6169767379761,30.07
613.8041002750397,29.98
614.8600790500641,30.07
616.0518317222595,29.98
617.1066069602966,30.07
618.3530569076538,29.98
619.5214791297913,29.98
620.6733458042145,29.98
621.8216955661774,29.98
622.9728300571442,29.98
624.143682718277,29.98
625.3405587673187,29.98
626.5066244602203,29.98
627.6782073974609,29.98
628.8448944091797,29.98
630.0159156322479,29.98
631.1819257736206,29.98
632.3495199680328,29.98
633.5200598239899,29.98
634.691766500473,29.86
635.86021900177,29.98
637.04181432724,29.98
638.2121295928955,29.98
639.3792605400085,29.98
640.5509958267212,29.98
641.7235867977142,29.98
642.8689239025116,29.86
644.0431036949158,29.98
645.2207984924316,29.98
646.3692107200623,29.98
647.5175006389618,29.98
648.7253925800323,29.98
649.8751673698425,29.98
651.054443359375,29.86
652.2256329059601,29.98
653.3937029838562,29.98
654.5674896240234,29.98
655.7352950572968,29.98
656.9180331230164,29.98
658.1211066246033,29.86
659.3176398277283,29.98
660.4993121623993,29.86
661.6723511219025,29.98
662.8557918071747,29.98
664.0024609565735,29.98
665.1969485282898,29.98
666.3603951931,29.98
667.5462045669556,29.98
668.7210183143616,29.98
669.9126753807068,29.98
671.0780234336853,29.98
672.2601776123047,29.98
673.4057016372681,29.98
674.5873250961304,29.98
675.7557528018951,29.98
676.9554286003113,29.98
678.1031715869904,29.98
679.1554431915283,30.07
680.3459584712982,29.98
681.4037289619446,30.07
682.5025408267975,30.07
683.5994853973389,30.07
684.6806411743164,30.07
685.7754235267639,30.07
686.8900461196899,30.07
687.993417263031,30.07
689.0973219871521,30.16
690.2079691886902,30.16
691.3004968166351,30.16
692.4060235023499,30.16
693.5123875141144,30.16
694.6188852787018,30.16
695.7089393138885,30.16
696.8013920783997,30.16
697.9190447330475,30.16
699.0032517910004,30.25
700.098715543747,30.25
701.191597700119,30.25
702.2923641204834,30.25
703.3810904026031,30.25
704.4750134944916,30.25
705.5557932853699,30.25
706.6555116176605,30.25
707.7499756813049,30.25
708.843522310257,30.25
709.9357471466064,30.25
711.0328726768494,30.37
712.111524105072,30.25
713.2047870159149,30.37
714.2990312576294,30.37
715.3938052654266,30.37
716.4866943359375,30.37
717.591920375824,30.37
718.6808428764343,30.37
719.7709286212921,30.37
720.875901222229,30.37
721.996607542038,30.37
723.0737693309784,30.37
724.1650629043579,30.37
725.2604885101318,30.37
726.358638048172,30.37
727.4486048221588,30.37
728.5402541160583,30.37
729.645622253418,30.37
730.7564332485199,30.37
731.8664107322693,30.37
732.9719223976135,30.37
734.0788164138794,30.37
735.1930265426636,30.37
736.2962775230408,30.37
737.4055590629578,30.37
738.5162727832794,30.37
739.6342077255249,30.37
740.7408421039581,30.37
741.839640378952,30.37
742.9359676837921,30.37
744.0454299449921,30.37
745.1377463340759,30.37
746.2305295467377,30.37
747.3271181583405,30.37
748.4228210449219,30.37
749.5192506313324,30.37
750.5998680591583,30.37
751.6965639591217,30.37
752.8089456558228,30.37
753.8884510993958,30.37
754.9855704307556,30.37
756.0789642333984,30.37
757.1824350357056,30.37
758.2811963558197,30.37
759.3830757141113,30.37
760.4635970592499,30.37
761.5617074966431,30.37
762.6514239311218,30.37
763.7415988445282,30.37
764.8293197154999,30.37
765.9194011688232,30.37
767.0046534538269,30.37
768.0944197177887,30.37
769.1985409259796,30.37
770.297119140625,30.37
771.405562877655,30.37
772.5031580924988,30.37
773.5831830501556,30.37
774.6815946102142,30.37
775.775673866272,30.37
776.8606703281403,30.37
777.9586968421936,30.37
779.0631890296936,30.37
780.1732447147369,30.37
781.2717170715332,30.37
782.3779981136322,30.37
783.4876673221588,30.37
784.6026327610016,30.37
785.693017244339,30.37
786.7976593971252,30.37
787.8925044536591,30.37
788.9848644733429,30.37
790.0754237174988,30.37
791.17631483078,30.37
792.2675321102142,30.37
793.3673405647278,30.37
794.4573631286621,30.37
795.5825335979462,30.37
796.6757357120514,30.37
797.7795040607452,30.37
798.8611650466919,30.37
799.9538576602936,30.37
801.0443515777588,30.37
802.1337502002716,30.37
803.2137823104858,30.37
804.3049309253693,30.37
805.3954186439514,30.37
806.4854917526245,30.37
807.5761678218842,30.37
808.6602187156677,30.37
809.7504901885986,30.25
810.8289060592651,30.37
811.9167850017548,30.25
813.0042209625244,30.25
814.092654466629,30.25
815.1803557872772,30.25
816.2682769298553,30.25
817.3565607070923,30.25
818.4450685977936,30.25
819.5366780757904,30.25
820.6308987140656,30.25
821.7219693660736,30.25
822.7990326881409,30.25
823.893392086029,30.25
824.9719114303589,30.25
826.0701413154602,30.25
827.1577799320221,30.25
828.2501113414764,30.25
829.3424909114838,30.25
830.4159371852875,30.25
831.5330510139465,30.25
832.6250743865967,30.25
833.714834690094,30.25
834.8020992279053,30.25
835.87708568573,30.25
836.971097946167,30.25
838.0642569065094,30.25
839.1432299613953,30.25
840.2324044704437,30.25
841.335422039032,30.25
842.4455499649048,30.25
843.5487360954285,30.25
844.6250219345093,30.25
845.7329983711243,30.25
846.8277666568756,30.25
847.9193325042725,30.25
849.0107791423798,30.25
850.0912208557129,30.25
851.1837337017059,30.25
852.2758157253265,30.25
853.3621327877045,30.25
854.454493522644,30.25
855.5501646995544,30.25
856.6433637142181,30.25
857.7279887199402,30.25
858.8192896842957,30.25
859.911511182785,30.16
860.9961993694305,30.25
862.0923275947571,30.25
863.1868922710419,30.25
864.2788977622986,30.25
865.3693199157715,30.25
866.4578199386597,30.25
867.5497722625732,30.16
868.6429219245911,30.16
869.7350108623505,30.16
870.8243360519409,30.16
871.91215467453,30.16
873.0003151893616,30.16
874.0888628959656,30.16
875.1782357692719,30.16
876.2629864215851,30.16
877.3554065227509,30.16
878.4676930904388,30.16
879.5669660568237,30.16
880.6666061878204,30.16
881.7597868442535,30.16
882.8389019966125,30.16
883.9393730163574,30.25
885.0333445072174,30.16
886.1261463165283,30.16
887.2293272018433,30.16
888.3068044185638,30.16
889.3971395492554,30.16
890.4979684352875,30.16
891.59481549263,30.16
892.6865549087524,30.16
893.7652015686035,30.16
894.8598809242249,30.16
895.9680922031403,30.16
897.0822341442108,30.16
898.1893019676208,30.16
899.2786550521851,30.16
900.3982734680176,30.16
901.5148093700409,30.16
902.6044237613678,30.16
903.7020127773285,30.16
904.7880218029022,30.16
905.8764572143555,30.16
906.9637176990509,30.16
908.054895401001,30.16
909.1552948951721,30.16
910.2579650878906,30.16
911.3513741493225,30.16
912.4445400238037,30.16
913.569816827774,30.16
914.6507365703583,30.16
915.7424123287201,30.16
916.8209636211395,30.16
917.9148206710815,30.16
919.0393748283386,30.16
920.1190114021301,30.16
921.2102398872375,30.16
922.3266441822052,30.16
923.4299228191376,30.16
924.5300192832947,30.16
925.6257581710815,30.16
926.7525894641876,30.16
927.8308665752411,30.16
928.9253537654877,30.16
930.0139036178589,30.16
931.1044545173645,30.16
932.1946399211884,30.16
933.285434961319,30.16
934.3788800239563,30.16
935.455073595047,30.16
936.5496170520782,30.16
937.6449172496796,30.16
938.7417597770691,30.16
939.8316242694855,30.07
940.9235894680023,30.07
942.0106174945831,30.07
943.1194434165955,30.07
944.2069425582886,30.07
945.2989609241486,30.07
946.3775970935822,30.07
947.4889757633209,30.07
948.601904630661,30.07
949.6930565834045,30.07
950.8097479343414,30.07
951.9540331363678,30.07
953.0443863868713,30.07
954.1430461406708,30.07
955.2336008548737,30.07
956.323406457901,30.07
957.4169919490814,30.07
958.5366780757904,30.07
959.650087594986,30.07
960.7376704216003,30.07
961.8220677375793,30.07
962.9101140499115,30.07
964.0022373199463,30.07
965.0945839881897,30.07
966.1854283809662,30.07
967.2886481285095,30.07
968.3881375789642,30.07
969.4806666374207,30.07
970.66042137146,29.98
971.7228307723999,30.07
972.9692878723145,29.98
974.0480926036835,30.07
975.2477586269379,29.98
976.4436967372894,29.98
977.6102838516235,29.98
978.7776815891266,29.98
979.9601695537567,29.98
981.1518821716309,29.98
982.3182830810547,29.98
983.4869990348816,29.98
984.7076930999756,29.98
985.8869717121124,29.98
987.0349442958832,29.98
988.1846833229065,29.98
989.3343105316162,29.98
990.5335216522217,29.98
991.6819770336151,29.98
992.8613436222076,29.98
994.0287656784058,29.98
995.2102496623993,29.98
996.3803639411926,29.98
997.546879529953,29.98
998.7202479839325,29.98
999.9024629592896,29.98
1001.068564414978,29.98
1002.2444612979889,29.98
1003.4181315898895,29.98
1004.5974614620209,29.98
1005.7661566734314,29.98
1006.9468331336975,29.98
1008.1131646633148,29.98
1009.2964401245117,29.98
1010.4720320701599,29.98
1011.6498785018921,29.98
1012.8265836238861,29.98
1013.9957406520844,29.98
1015.170469045639,29.98
1016.3429491519928,29.98
1017.5123119354248,29.98
1018.6818826198578,29.98
1019.8465783596039,29.98
1021.0221230983734,29.98
1022.2016260623932,29.98
1023.4001595973969,29.98
1024.5607936382294,29.98
1025.7333099842072,29.98
1026.8818666934967,29.98
1028.0770201683044,29.98
1029.2853889465332,29.98
1030.4475524425507,29.98
1031.611406803131,29.98
1032.7825863361359,29.98
1033.9536244869232,29.98
1035.1214497089386,29.98
1036.2848057746887,29.98
1037.4678514003754,29.98
1038.5235636234283,30.07
1039.7287607192993,29.98
1040.7798645496368,30.07
1041.887045621872,30.07
1043.1018266677856,29.98
1044.1565244197845,30.07
1045.353398323059,29.98
1046.4082226753235,30.07
1047.4968943595886,30.07
1048.6995162963867,29.98
1049.7623398303986,30.07
1050.842260837555,30.07
1051.9317696094513,30.07
1053.0422172546387,30.07
1054.125040769577,30.07
1055.224952697754,30.07
1056.3093457221985,30.07
1057.4088380336761,30.07
1058.5103766918182,30.07
1059.6217024326324,30.07
1060.7019457817078,30.07
1061.7913076877594,30.07
1062.9070823192596,30.07
1064.02658700943,30.07
1065.1259486675262,30.07
1066.2140765190125,30.07
1067.3004002571106,30.16
1068.389146566391,30.07
1069.4746434688568,30.16
1070.5598652362823,30.16
1071.6482899188995,30.07
1072.7391974925995,30.16
1073.8337302207947,30.16
1074.9269592761993,30.07
1076.0130107402802,30.16
1077.106814622879,30.07
1078.1986684799194,30.16
1079.2927560806274,30.16
1080.4070744514465,30.16
1081.502614736557,30.07
1082.6009290218353,30.07
1083.689823627472,30.16
1084.7799649238586,30.16
1085.8730165958405,30.16
1087.0221729278564,30.16
1088.1145679950714,30.07
1089.1993775367737,30.16
1090.2966668605804,30.07
1091.3907940387726,30.16
1092.4844052791595,30.07
1093.5959603786469,30.07
1094.7002484798431,30.07
1095.7841470241547,30.16
1096.8776741027832,30.07
1097.9685263633728,30.07
1099.0567767620087,30.07
1100.1464722156525,30.16
1101.2248721122742,30.07
1102.3340530395508,30.07
1103.4305725097656,30.07
1104.5092558860779,30.07
1105.5984318256378,30.07
1106.707623720169,30.07
1107.795681476593,30.16
1108.880199432373,30.07
1109.9681406021118,30.16
1111.057144165039,30.07
1112.1612429618835,30.07
1113.2658879756927,30.07
1114.3547084331512,30.07
1115.4693257808685,30.07
1116.574893951416,30.07
1117.695110797882,30.07
1118.8145291805267,30.07
1119.8933222293854,30.07
1120.9865384101868,30.07
1122.1016781330109,30.07
1123.196738243103,30.07
1124.301649093628,30.07
1125.4070491790771,30.07
1126.5147919654846,30.07
1127.6077888011932,30.07
1128.703690290451,30.07
1129.7846348285675,30.07
1130.8766915798187,30.07
1131.9666602611542,30.07
1133.069483757019,30.07
1134.181414604187,30.07
1135.2667598724365,30.07
1136.3600454330444,30.16
1137.4393632411957,30.07
1138.5341210365295,30.07
1139.6196670532227,30.07
1140.7147109508514,30.07
1141.8065474033356,30.07
1142.89506316185,30.07
1144.0093822479248,30.07
1145.1169412136078,30.16
1146.2136874198914,30.07
1147.3093917369843,30.07
1148.4025049209595,30.16
1149.4831120967865,30.16
1150.59663772583,30.07
1151.6855008602142,30.07
1152.7751879692078,30.16
1153.8869338035583,30.07
1154.97576379776,30.16
1156.0777101516724,30.16
1157.161283493042,30.16
1158.2553868293762,30.16
1159.3486368656158,30.16
1160.4435451030731,30.16
1161.5226159095764,30.16
1162.6115219593048,30.16
1163.700518131256,30.16
1164.810668706894,30.16
1165.9013018608093,30.16
1166.9820885658264,30.16
1168.0726864337921,30.16
1169.165302991867,30.16
1170.2594335079193,30.16
1171.3500101566315,30.16
1172.44398355484,30.16
1173.53751206398,30.16
1174.6275568008423,30.16
1175.7402048110962,30.16
1176.8538010120392,30.16
1177.9673385620117,30.07
1179.0568978786469,30.16
1180.1468665599823,30.16
1181.234451532364,30.16
1182.3226511478424,30.16
1183.412765264511,30.07
1184.5086379051208,30.07
1185.6014482975006,30.16
1186.7017171382904,30.16
1187.803842306137,30.07
1188.8982231616974,30.16
1189.9788467884064,30.07
1191.0749368667603,30.07
1192.1646783351898,30.07
1193.261617898941,30.07
1194.3579988479614,30.07
1195.4704239368439,30.16
1196.5765068531036,30.07
1197.6860382556915,30.07
1198.7983620166779,30.07
1199.8803017139435,30.07
1200.9703087806702,30.07
1202.0625734329224,30.07
1203.1710755825043,30.07
1204.2781085968018,30.07
1205.369963169098,30.07
1206.4619047641754,30.07
1207.5520014762878,30.07
1208.66672539711,30.07
1209.7935802936554,30.07
1210.8840997219086,30.07
1211.9793629646301,30.07
1213.0576968193054,30.07
1214.1480567455292,30.07
1215.2562322616577,30.07
1216.3448114395142,30.07
1217.4349796772003,30.07
1218.5286316871643,30.07
1219.6350996494293,30.07
1220.7292177677155,30.07
1221.8319427967072,30.07
1222.9302098751068,30.07
1224.040773153305,30.07
1225.1467735767365,30.07
1226.2390027046204,30.07
1227.3302166461945,30.07
1228.4090206623077,30.07
1229.5231816768646,30.07
1230.6157398223877,30.07
1231.7369801998138,30.07
1232.816811323166,30.07
1233.9119453430176,30.07
1234.9902997016907,30.07
1236.0800414085388,30.07
1237.1784687042236,30.07
1238.3967909812927,29.98
1239.4630324840546,30.07
1240.6526191234589,29.98
1241.8002021312714,29.98
1242.8527743816376,30.07
1244.0586578845978,29.98
1245.2307875156403,29.98
1246.4044206142426,29.98
1247.552384853363,29.98
1248.7049491405487,29.98
1249.893810749054,29.98
1251.0624306201935,29.98
1252.2350661754608,29.98
1253.4063589572906,29.98
1254.5786259174347,29.98
1255.747578382492,29.98
1256.9310834407806,29.98
1258.0999777317047,29.98
1259.269834280014,29.98
1260.4340727329254,29.98
1261.6079037189484,29.98
1262.7760543823242,29.98
1263.9849877357483,29.98
1265.13241481781,29.98
1266.2823832035065,29.98
1267.4348392486572,29.98
1268.609612941742,29.98
1269.786396741867,29.98
1270.9547820091248,29.98
1272.1254649162292,29.98
1273.2951805591583,29.98
1274.4628896713257,29.98
1275.6549060344696,29.98
1276.820784330368,29.98
1277.9891633987427,29.98
1279.1610505580902,29.98
1280.3324670791626,29.98
1281.5174767971039,29.98
1282.6654388904572,29.98
1283.8660147190094,29.98
1285.0350873470306,29.98
1286.237750530243,29.98
1287.4259703159332,29.98
1288.5992324352264,29.98
1289.7689864635468,29.98
1290.9393072128296,29.98
1292.1410205364227,29.98
1293.2873525619507,29.98
1294.4778938293457,29.98
1295.6472432613373,29.98
1296.846343278885,29.98
1298.0603036880493,29.98
1299.2237288951874,29.98
1300.3922877311707,29.98
1301.561838388443,29.98
1302.7329931259155,29.98
1303.9194626808167,29.98
1305.107063293457,29.98
1306.2797865867615,29.98
1307.4486138820648,29.98
1308.591558456421,29.98
1309.6453008651733,30.07
1310.8429193496704,29.98
1311.9218347072601,30.07
1313.0010027885437,30.07
1314.2401657104492,29.98
1315.2917702198029,30.07
1316.3712828159332,30.07
1317.4656596183777,30.07
1318.5722255706787,30.07
1319.6817862987518,30.07
1320.7890536785126,30.07
1321.883276462555,30.07
1322.9748487472534,30.07
1324.0779254436493,30.07
1325.1882059574127,30.07
1326.2980053424835,30.07
1327.4008436203003,30.07
1328.5080015659332,30.07
1329.6025338172913,30.07
1330.7112097740173,30.07
1331.7952580451965,30.07
1332.9054851531982,30.07
1334.0061943531036,30.07
1335.11150765419,30.07
1336.2101469039917,30.07
1337.3003787994385,30.07
1338.3962898254395,30.07
1339.4942181110382,30.07
1340.6077392101288,30.07
1341.6954836845398,30.07
1342.7826669216156,30.07
1343.8848650455475,30.07
1344.9741837978363,30.07
1346.0614366531372,30.07
1347.151353597641,30.07
1348.256907939911,30.07
1349.3716826438904,30.07
1350.4847605228424,30.07
1351.5763375759125,30.07
1352.6658368110657,30.07
1353.7804024219513,30.07
1354.873942375183,30.07
1355.966215133667,30.07
1357.0588035583496,30.07
1358.1582503318787,30.07
1359.2460026741028,30.07
1360.356457710266,30.07
1361.4727764129639,30.07
1362.57066822052,30.07
1363.6653416156769,30.07
1364.7793354988098,30.07
1365.8901267051697,30.07
1366.9714498519897,30.07
1368.0591056346893,30.07
1369.1489698886871,30.07
1370.2458274364471,30.07
1371.3381848335266,30.07
1372.4571402072906,30.07
1373.5473201274872,30.07
1374.6376554965973,30.07
1375.748071193695,30.07
1376.838711977005,30.07
1377.9267117977142,30.07
1379.0140528678894,30.07
1380.0952475070953,30.07
1381.1841342449188,30.07
1382.2744886875153,30.07
1383.3547604084015,30.07
1384.451673746109,30.07
1385.5303535461426,30.07
1386.623787164688,30.07
1387.716362953186,30.07
1388.8250946998596,30.07
1389.9286975860596,30.07
1391.0219430923462,30.07
1392.1316061019897,30.07
1393.2402675151825,30.07
1394.3457140922546,30.07
1395.450395822525,30.07
1396.5405406951904,30.07
1397.632835149765,30.07
1398.7277431488037,30.07
1399.838621377945,30.07
1400.9141397476196,30.07
1402.0191478729248,30.07
1403.128050327301,30.07
1404.24844622612,30.07
1405.3488347530365,30.07
1406.4375965595245,30.07
1407.5345797538757,30.07
1408.612673997879,30.07
1409.704755783081,30.07
1410.7982420921326,30.07
1411.893553495407,30.07
1412.988522052765,30.07
1414.0989217758179,30.07
1415.2083768844604,30.07
1416.300214290619,30.07
1417.3911347389221,30.07
1418.4812519550323,30.07
1419.5850439071655,30.07
1420.6892657279968,30.07
1421.7870571613312,30.07
1422.879056930542,30.07
1423.9705696105957,30.07
1425.057903766632,30.07
1426.1583020687103,30.07
1427.2493104934692,30.07
1428.3428387641907,30.07
1429.4316594600677,30.07
1430.5212097167969,30.07
1431.6073162555695,30.07
1432.7155961990356,30.07
1433.8041679859161,30.07
1434.8947575092316,30.07
1436.011570930481,30.07
1437.0976481437683,30.07
1438.1925466060638,30.07
1439.2915587425232,30.07
1440.3885157108307,30.07
1441.4876132011414,30.07
1442.5794658660889,30.07
1443.6723959445953,30.07
1444.771654844284,30.07
1445.8637282848358,30.07
1446.9866094589233,30.07
1448.078796863556,30.07
1449.185076713562,30.07
1450.2760229110718,30.07
1451.3664739131927,30.07
1452.4601187705994,30.07
1453.5357525348663,30.07
1454.6252529621124,30.07
1455.7176625728607,30.07
1456.802253484726,30.07
1458.0268514156342,29.98
1459.2215416431427,29.98
1460.3965680599213,29.98
1461.4540266990662,30.07
1462.651867866516,29.98
1463.7992391586304,29.98
1464.9952919483185,29.98
1466.1480951309204,29.98
1467.3203737735748,29.98
1468.3858454227448,30.07
1469.5866997241974,29.98
1470.7528059482574,29.98
1471.8051233291626,30.07
1473.0049996376038,29.98
1474.185417175293,29.98
1475.2499706745148,30.07
1476.4642050266266,29.98
1477.6376149654388,29.98
1478.8178277015686,29.98
1479.9927842617035,29.98
1481.1768567562103,29.98
1482.3277189731598,29.98
1483.494259595871,29.98
1484.6646373271942,29.98
1485.8341464996338,29.98
1487.0486674308777,29.98
1488.2161848545074,29.98
1489.3901641368866,29.98
1490.4583156108856,30.07
1491.6652715206146,29.98
1492.8596515655518,29.98
1493.9165797233582,30.07
1495.1257667541504,29.98
1496.2982907295227,29.98
1497.5016779899597,29.98
1498.5766396522522,30.07
1499.669254541397,30.07
1500.8877804279327,29.98
1502.0566778182983,29.98
1503.1103065013885,30.07
1504.2066974639893,30.07
1505.4374001026154,29.98
1506.494859457016,30.07
1507.5858495235443,30.07
1508.6779668331146,30.07
1509.7612028121948,30.07
1510.8607099056244,30.07
1511.9688339233398,30.07
1513.0627703666687,30.07
1514.1565957069397,30.07
1515.2416081428528,30.07
1516.3504211902618,30.07
1517.452213525772,30.07
1518.5361387729645,30.07
1519.6457481384277,30.07
1520.7362749576569,30.07
1521.8587205410004,30.07
1522.9459958076477,30.07
1524.0362193584442,30.07
1525.1301414966583,30.07
1526.2209582328796,30.07
1527.2981581687927,30.07
1528.3918886184692,30.07
1529.5102887153625,30.16
1530.6313037872314,30.07
1531.7109744548798,30.07
1532.8016669750214,30.07
1533.8969943523407,30.16
1534.9915862083435,30.07
1536.080258846283,30.16
1537.1759152412415,30.07
1538.2697458267212,30.16
1539.3658473491669,30.16
1540.4617483615875,30.16
1541.5466105937958,30.16
1542.64182305336,30.16
1543.7315065860748,30.16
1544.8430631160736,30.16
1545.9582843780518,30.16
1547.0587203502655,30.16
1548.1372520923615,30.16
1549.2399642467499,30.16
1550.3480188846588,30.16
1551.4419107437134,30.16
1552.52841091156,30.16
1553.6164512634277,30.16
1554.7116248607635,30.16
1555.7960422039032,30.16
1556.8903169631958,30.16
1557.9696962833405,30.16
1559.0598273277283,30.16
1560.1511392593384,30.16
1561.239100933075,30.16
1562.333652973175,30.16
1563.4360132217407,30.16
1564.5307703018188,30.16
1565.6552231311798,30.16
1566.7694163322449,30.16
1567.877777814865,30.16
1568.960613489151,30.16
1570.0547919273376,30.16
1571.1437397003174,30.16
1572.2466232776642,30.16
1573.3479762077332,30.07
1574.4457430839539,30.07
1575.5357983112335,30.16
1576.622559785843,30.07
1577.712753534317,30.07
1578.8254895210266,30.07
1579.93891787529,30.07
1581.0473229885101,30.16
1582.1576900482178,30.07
1583.268117427826,30.16
1584.376548051834,30.16
1585.4661946296692,30.07
1586.5576095581055,30.16
1587.6507349014282,30.16
1588.741777420044,30.07
1589.8548593521118,30.07
1590.9690113067627,30.07
1592.0583822727203,30.07
1593.1302313804626,30.07
1594.2200367450714,30.07
1595.310109615326,30.07
1596.4028928279877,30.07
1597.4961261749268,30.07
1598.5900576114655,30.07
1599.6814925670624,30.07
1600.7701170444489,30.07
1601.8883881568909,30.07
1602.9794178009033,30.07
1604.0782475471497,30.07
1605.18074965477,30.07
1606.270434141159,30.07
1607.3675963878632,30.07
1608.4775471687317,30.07
1609.5757746696472,30.07
1610.6682102680206,30.07
1611.7626414299011,30.07
1612.888346195221,30.07
1613.9810037612915,30.07
1615.0686497688293,30.07
1616.1637151241302,30.07
1617.2889699935913,30.07
1618.383109331131,30.07
1619.4923512935638,30.07
1620.5836200714111,30.07
1621.6888828277588,30.07
1622.7987406253815,30.07
1623.8984811306,30.07
1624.9923348426819,30.07
1626.0980160236359,30.07
1627.2078309059143,30.07
1628.3152112960815,30.07
1629.4189999103546,30.07
1630.529911994934,30.07
1631.6092007160187,30.07
1632.7060565948486,30.07
1633.8078434467316,30.07
1634.9027767181396,30.07
1635.9952828884125,30.07
1637.0843343734741,30.07
1638.1756007671356,30.07
1639.2606115341187,30.07
1640.3658282756805,30.07
1641.4703106880188,30.07
1642.547857761383,30.07
1643.6429381370544,30.07
1644.7692210674286,30.07
1645.8483049869537,30.07
1646.9690775871277,30.07
1648.0601091384888,30.07
1649.1622292995453,30.07
1650.2516498565674,30.07
1651.3435842990875,30.07
1652.4226369857788,30.07
1653.5153546333313,30.07
1654.606321811676,30.07
1655.7004947662354,30.07
1656.7920525074005,30.07
1657.8862972259521,30.07
1658.9945452213287,30.07
1660.069341659546,30.07
1661.1642892360687,30.07
1662.3829731941223,29.98
1663.559336900711,29.98
1664.7322018146515,29.98
1665.9105803966522,29.98
1667.0795016288757,29.98
1668.2620413303375,29.98
1669.4518291950226,29.98
1670.622938156128,29.98
1671.769360780716,29.98
1672.9329211711884,29.98
1674.1213223934174,29.98
1675.314715385437,29.98
1676.5271701812744,29.98
1677.7293763160706,29.98
1678.897621870041,29.98
1680.0652871131897,29.98
1681.2465238571167,29.98
1682.4371869564056,29.98
1683.6040935516357,29.98
1684.772937297821,29.98
1685.944791316986,29.98
1687.116949558258,29.98
1688.2906444072723,29.98
1689.4375216960907,29.98
1690.607352733612,29.98
1691.775384426117,29.98
1692.9421570301056,29.98
1694.1115634441376,29.98
1695.2794389724731,29.98
1696.4595382213593,29.98
1697.6250436306,29.98
1698.7969238758087,29.98
1699.9628703594208,29.98
1701.1351034641266,29.98
1702.3048584461212,29.98
1703.4843394756317,29.98
1704.6546721458435,29.98
1705.8221378326416,29.98
1706.8723368644714,30.07
1707.961895942688,30.07
1709.051216840744,30.07
1710.2546679973602,29.98
1711.305852651596,30.07
1712.393623828888,30.07
1713.484750032425,30.07
1714.565040588379,30.07
1715.6603071689606,30.07
1716.754953622818,30.07
1717.8418266773224,30.07
1718.9665722846985,30.07
1720.0760855674744,30.07
1721.176670074463,30.07
1722.2872188091278,30.07
1723.3965275287628,30.07
1724.5054411888123,30.07
1725.5871751308441,30.07
1726.710580587387,30.07
1727.8036918640137,30.07
1728.894757270813,30.07
1729.9899747371674,30.07
1731.0683937072754,30.07
1732.1610112190247,30.07
1733.2594747543335,30.07
1734.33819937706,30.07
1735.4323632717133,30.07
1736.5246398448944,30.07
1737.6391439437866,30.07
1738.718251466751,30.07
1739.8107769489288,30.07
1740.9008190631866,30.07
1741.989318370819,30.07
1743.1030294895172,30.07
1744.2068173885345,30.07
1745.3084988594055,30.07
1746.3969395160675,30.07
1747.4851915836334,30.07
1748.5756907463074,30.07
1749.6653294563293,30.07
1750.753509759903,30.07
1751.843724489212,30.16
1752.934777021408,30.16
1754.0506377220154,30.16
1755.1570188999176,30.16
1756.2466037273407,30.16
1757.357620716095,30.16
1758.4500622749329,30.16
1759.5585541725159,30.16
1760.6662044525146,30.16
1761.7761652469635,30.07
1762.8857126235962,30.16
1763.9948151111603,30.16
1765.1063375473022,30.16
1766.202442407608,30.16
1767.2924089431763,30.16
1768.3851404190063,30.16
1769.4765048027039,30.16
1770.5686972141266,30.16
1771.6527738571167,30.16
1772.759017944336,30.16
1773.8507158756256,30.07
1774.9582738876343,30.16
1776.0500102043152,30.07
1777.1503093242645,30.16
1778.2391021251678,30.07
1779.33340716362,30.07
1780.4240093231201,30.16
1781.517477273941,30.07
1782.6099028587341,30.07
1783.717600107193,30.07
1784.8247141838074,30.07
1785.9132688045502,30.07
1787.0082354545593,30.07
1788.1036794185638,30.07
1789.1992132663727,30.07
1790.3122489452362,30.07
1791.3925166130066,30.07
1792.5083527565002,30.07
1793.5968492031097,30.07
1794.7116215229034,30.07
1795.8092050552368,30.07
1796.8946962356567,30.07
1797.9855246543884,30.07
1799.0749435424805,30.07
1800.1783936023712,30.07
