0.0007159709930419922,30.16
1.1110961437225342,30.25
2.213350534439087,30.25
3.3104724884033203,30.25
4.40179181098938,30.25
5.512804746627808,30.25
6.625951290130615,30.37
7.7227983474731445,30.37
8.830908298492432,30.37
9.923940896987915,30.37
11.031060457229614,30.37
12.130301237106323,30.37
13.225141763687134,30.37
14.324950456619263,30.46
15.41999077796936,30.37
16.520720958709717,30.37
17.617343187332153,30.37
18.711703777313232,30.37
19.81904935836792,30.37
20.9283287525177,30.37
22.040850162506104,30.37
23.149871110916138,30.46
24.24474787712097,30.46
25.343618154525757,30.46
26.442926168441772,30.46
27.525429725646973,30.46
28.63640785217285,30.46
29.747658729553223,30.46
30.863834857940674,30.46
31.993102312088013,30.46
33.09178161621094,30.46
34.17392039299011,30.46
35.27071022987366,30.55
36.38251066207886,30.46
37.48047757148743,30.46
38.57372283935547,30.46
39.67079162597656,30.46
40.75145125389099,30.46
41.875372648239136,30.46
42.97243022918701,30.46
44.06984996795654,30.46
45.17580842971802,30.46
46.295079469680786,30.46
47.41714334487915,30.46
48.52947402000427,30.37
49.642895460128784,30.46
50.75494694709778,30.37
51.880274534225464,30.37
52.999433755874634,30.37
54.10014462471008,30.37
55.20063829421997,30.37
56.28935766220093,30.37
57.39923667907715,30.37
58.51406669616699,30.25
59.62135052680969,30.37
60.72334671020508,30.37
61.82279896736145,30.25
62.917163610458374,30.25
64.01590323448181,30.25
65.11632704734802,30.25
66.215576171875,30.25
67.31390976905823,30.25
68.40451216697693,30.25
69.51285815238953,30.25
70.63482642173767,30.25
71.73376536369324,30.25
72.86732745170593,30.25
73.96260929107666,30.25
75.05138301849365,30.25
76.16084384918213,30.25
77.25989723205566,30.25
78.3404483795166,30.25
79.45020008087158,30.25
80.5777039527893,30.25
81.68749189376831,30.25
82.80006790161133,30.25
83.91117978096008,30.25
85.0118899345398,30.25
86.09307718276978,30.25
87.22608232498169,30.25
88.35333061218262,30.25
89.46793150901794,30.25
90.54994988441467,30.25
91.65107369422913,30.37
92.75873160362244,30.25
93.85697293281555,30.37
94.95729446411133,30.37
96.06121873855591,30.37
97.15572714805603,30.37
98.25331211090088,30.37
99.3379430770874,30.37
100.43351030349731,30.37
101.52794170379639,30.37
102.62449479103088,30.37
103.7199912071228,30.37
104.83247065544128,30.25
105.95231223106384,30.25
107.053227186203,30.25
108.13373589515686,30.25
109.23829650878906,30.25
110.33459520339966,30.25
111.41695237159729,30.25
112.53044056892395,30.16
113.63428115844727,30.16
114.72897744178772,30.16
115.82455611228943,30.25
116.91567468643188,30.25
118.01394581794739,30.16
119.12510704994202,30.16
120.2351016998291,30.16
121.33313202857971,30.16
122.41483879089355,30.16
123.51767110824585,30.25
124.62591052055359,30.16
125.74638199806213,30.16
126.8575427532196,30.16
127.97824931144714,30.16
129.0865273475647,30.16
130.19651889801025,30.16
131.2777955532074,30.16
132.37452721595764,30.07
133.48116970062256,30.07
134.60947632789612,30.07
135.71657133102417,30.07
136.81377625465393,30.07
137.9224112033844,30.07
139.03254652023315,30.07
140.13853335380554,30.07
141.22407722473145,30.07
142.3232421875,30.07
143.4479100704193,29.98
144.55054926872253,29.98
145.63424491882324,29.98
146.73268675804138,29.98
147.82576537132263,29.98
148.93666863441467,29.98
150.0480716228485,29.98
151.15103316307068,29.98
152.24648118019104,29.98
153.33345937728882,29.98
154.4292595386505,29.86
155.5233039855957,29.86
156.6202301979065,29.98
157.71414875984192,29.98
158.80679988861084,29.98
159.90277361869812,29.98
160.9839379787445,29.98
162.0913348197937,29.98
163.18614721298218,30.07
164.2902250289917,30.07
165.3817777633667,30.07
166.50844287872314,30.07
167.58897185325623,30.07
168.717693567276,30.07
169.81563186645508,30.07
170.95236349105835,30.07
172.05372405052185,30.16
173.13870000839233,30.16
174.2360556125641,30.16
175.33466339111328,30.16
176.42976832389832,30.16
177.52900624275208,30.16
178.638658285141,30.16
179.75004053115845,30.16
180.84772062301636,30.16
181.9298279285431,30.16
183.04895186424255,30.25
184.1552004814148,30.25
185.2532513141632,30.25
186.34722566604614,30.25
187.44349479675293,30.25
188.5242645740509,30.25
189.63079833984375,30.25
190.75552940368652,30.37
191.86768198013306,30.37
192.96402883529663,30.37
194.05998706817627,30.37
195.15511536598206,30.37
196.24870419502258,30.37
197.35349249839783,30.37
198.44855666160583,30.37
199.54216074943542,30.37
200.6348910331726,30.37
201.73013997077942,30.46
202.82375311851501,30.46
203.9184627532959,30.46
205.02403092384338,30.46
206.1210331916809,30.46
207.21756863594055,30.55
208.3185555934906,30.55
209.4004852771759,30.55
210.49213981628418,30.55
211.6096851825714,30.55
212.7063524723053,30.55
213.80282378196716,30.64
214.9311773777008,30.64
216.0250542163849,30.55
217.12155604362488,30.55
218.21740579605103,30.55
219.31307435035706,30.55
220.4262354373932,30.55
221.5077826976776,30.55
222.61152815818787,30.55
223.70860505104065,30.55
224.82854890823364,30.46
225.9390676021576,30.46
227.0503056049347,30.55
228.15152263641357,30.46
229.22685885429382,30.55
230.33276176452637,30.46
231.43179392814636,30.55
232.52676582336426,30.46
233.62300872802734,30.55
234.72020292282104,30.55
235.8030662536621,30.55
236.92509150505066,30.55
238.0214524269104,30.55
239.11993145942688,30.55
240.2157530784607,30.55
241.3132688999176,30.55
242.4107367992401,30.55
243.4908139705658,30.55
244.59792685508728,30.55
245.7100191116333,30.55
246.81872034072876,30.64
247.9174907207489,30.64
248.99758768081665,30.64
250.09426927566528,30.64
251.19052267074585,30.55
252.28416872024536,30.55
253.3785219192505,30.55
254.4726004600525,30.46
255.59534978866577,30.46
256.70692896842957,30.46
257.8112225532532,30.46
258.92177414894104,30.46
260.0297703742981,30.37
261.124746799469,30.37
262.2176115512848,30.46
263.313029050827,30.37
264.4074387550354,30.37
265.5034098625183,30.37
266.5970551967621,30.37
267.69489908218384,30.37
268.78820967674255,30.25
269.91118931770325,30.25
271.0082154273987,30.25
272.10467529296875,30.25
273.1929876804352,30.25
274.28445625305176,30.25
275.40037989616394,30.25
276.4964814186096,30.25
277.59789872169495,30.25
278.69520592689514,30.25
279.7869715690613,30.25
280.8776342868805,30.25
281.971031665802,30.25
283.0643742084503,30.25
284.1581463813782,30.25
285.25171875953674,30.37
286.36609959602356,30.37
287.4473042488098,30.37
288.55810618400574,30.37
289.6504797935486,30.37
290.74384355545044,30.25
291.8565375804901,30.25
292.95786476135254,30.37
294.0762400627136,30.25
295.166077375412,30.25
296.2767345905304,30.25
297.38651061058044,30.25
298.49257612228394,30.25
299.5938379764557,30.16
300.7045953273773,30.16
301.808833360672,30.16
302.8964521884918,30.16
303.9954149723053,30.16
305.07733249664307,30.16
306.17453384399414,30.16
307.2679603099823,30.16
308.36129117012024,30.16
309.4671092033386,30.16
310.57439970970154,30.16
311.6816735267639,30.16
312.7764542102814,30.16
313.8893826007843,30.07
315.00141191482544,30.16
316.11162304878235,30.16
317.2335329055786,30.07
318.3313910961151,30.16
319.4123606681824,30.07
320.55723762512207,30.07
321.6579282283783,30.16
322.7533299922943,30.16
323.8419644832611,30.16
324.9367232322693,30.16
326.0373857021332,30.16
327.13796615600586,30.16
328.24392771720886,30.16
329.3312418460846,30.16
330.428697347641,30.16
331.5090425014496,30.16
332.63769483566284,30.16
333.7587089538574,30.16
334.87827348709106,30.07
335.99086594581604,30.16
337.09002685546875,30.07
338.1721684932709,30.07
339.2702531814575,30.07
340.37662076950073,30.07
341.49814438819885,30.07
342.6201980113983,30.07
343.7201159000397,30.07
344.80744647979736,29.98
345.90351605415344,29.98
347.0104751586914,30.07
348.10279059410095,30.07
349.21492528915405,29.98
350.31189942359924,29.98
351.3977241516113,29.98
352.4945206642151,29.98
353.5922226905823,29.98
354.6799097061157,29.98
355.7774200439453,29.98
356.8898046016693,29.86
358.00146746635437,29.86
359.1075556278229,29.98
360.21877455711365,29.78
361.31535840034485,29.86
362.4119827747345,29.86
363.5086352825165,29.86
364.6030693054199,29.78
365.69879150390625,29.86
366.82219886779785,29.86
367.9186782836914,29.86
369.0140724182129,29.86
370.11471152305603,29.98
371.21251368522644,29.98
372.3412983417511,29.98
373.43800616264343,30.07
374.5338809490204,30.07
375.63097167015076,30.07
376.7263538837433,30.07
377.8201370239258,30.07
378.9489223957062,30.07
380.0669229030609,30.07
381.1661593914032,30.07
382.2552921772003,30.07
383.3503201007843,30.07
384.4516077041626,30.07
385.5326302051544,30.16
386.6315281391144,30.16
387.740718126297,30.16
388.83623600006104,30.16
389.92684268951416,30.16
391.0478868484497,30.16
392.1592810153961,30.25
393.25871992111206,30.25
394.3403971195221,30.25
395.43996357917786,30.25
396.5502977371216,30.25
397.64495873451233,30.25
398.73815083503723,30.25
399.8480529785156,30.25
400.9450056552887,30.25
402.0481741428375,30.25
403.1673045158386,30.25
404.27971172332764,30.37
405.3866798877716,30.37
406.51350450515747,30.37
407.6099808216095,30.37
408.7058711051941,30.37
409.80430483818054,30.46
410.90209126472473,30.46
412.0040373802185,30.46
413.1371388435364,30.46
414.2399260997772,30.46
415.3288173675537,30.46
416.4293279647827,30.46
417.52453565597534,30.46
418.6211049556732,30.46
419.7177245616913,30.46
420.8066484928131,30.55
421.9042479991913,30.55
422.9974715709686,30.55
424.0943124294281,30.55
425.2066252231598,30.55
426.30886030197144,30.55
427.3964583873749,30.46
428.48962807655334,30.55
429.5707759857178,30.55
430.66819643974304,30.46
431.77337765693665,30.46
432.85845255851746,30.46
433.9677290916443,30.46
435.10008573532104,30.46
436.21948647499084,30.37
437.3273868560791,30.46
438.43773889541626,30.46
439.547842502594,30.46
440.65739727020264,30.46
441.7874538898468,30.46
442.8847942352295,30.37
443.98129963874817,30.37
445.06843876838684,30.37
446.1813368797302,30.37
447.28410625457764,30.37
448.3794491291046,30.37
449.50079345703125,30.37
450.59927797317505,30.37
451.6975677013397,30.37
452.79469323158264,30.37
453.8754105567932,30.37
454.98211765289307,30.37
456.12777948379517,30.37
457.24906754493713,30.25
458.361172914505,30.37
459.482084274292,30.25
460.602826833725,30.25
461.71157145500183,30.25
462.82193303108215,30.25
463.93092131614685,30.25
465.0420365333557,30.25
466.1442680358887,30.25
467.2711615562439,30.25
468.3551721572876,30.25
469.4747223854065,30.25
470.5726056098938,30.25
471.6821172237396,30.25
472.76810336112976,30.25
473.8654909133911,30.25
474.9631760120392,30.25
476.05407333374023,30.25
477.1616554260254,30.25
478.26188611984253,30.25
479.3599622249603,30.25
480.454176902771,30.25
481.5753333568573,30.25
482.69613885879517,30.25
483.81088614463806,30.25
484.9105110168457,30.16
485.99342608451843,30.16
487.09709763526917,30.16
488.21249985694885,30.16
489.3219449520111,30.16
490.42054271698,30.16
491.54028701782227,30.16
492.65681552886963,30.16
493.7544090747833,30.16
494.87117290496826,30.07
495.9754271507263,30.07
497.0873260498047,30.07
498.19870233535767,30.07
499.30977511405945,30.07
500.4082078933716,30.07
501.50760650634766,30.07
502.62751483917236,30.07
503.7284924983978,30.16
504.8440577983856,30.07
505.94478249549866,30.07
507.08278608322144,30.07
508.177148103714,30.07
509.26460099220276,30.07
510.371258020401,30.07
511.45856189727783,30.07
512.5538241863251,30.07
513.6620719432831,30.07
514.7549438476562,29.98
515.8867855072021,29.98
516.98402094841,29.98
518.0801665782928,29.98
519.1814699172974,29.98
520.2769088745117,29.98
521.3721072673798,29.86
522.4634354114532,29.98
523.5728046894073,29.86
524.6719043254852,29.86
525.7713189125061,29.86
526.8637878894806,29.98
527.9611670970917,29.86
529.0915143489838,29.86
530.2007257938385,29.86
531.297785282135,29.98
532.4512696266174,29.98
533.5589489936829,29.98
534.6535255908966,29.98
535.7368285655975,29.98
536.8332459926605,30.07
537.9301981925964,30.07
539.0130891799927,30.07
540.1069605350494,30.07
541.2051408290863,30.07
542.3022501468658,30.07
543.4017832279205,30.07
544.500819683075,30.07
545.5898036956787,30.07
546.703626871109,30.07
547.7982518672943,30.07
548.8946726322174,30.07
549.9911670684814,30.07
551.0867671966553,30.16
552.2102236747742,30.16
553.3097636699677,30.16
554.3922114372253,30.16
555.492752790451,30.16
556.6018407344818,30.25
557.7001640796661,30.25
558.7991268634796,30.25
559.8988299369812,30.25
561.0173895359039,30.37
562.1006126403809,30.25
563.2026996612549,30.37
564.3031747341156,30.37
565.4055669307709,30.37
566.5018739700317,30.37
567.6186716556549,30.46
568.727884054184,30.46
569.8488733768463,30.55
570.9612007141113,30.55
572.0600051879883,30.55
573.1611704826355,30.55
574.2518827915192,30.55
575.3608558177948,30.55
576.4615962505341,30.55
577.59481549263,30.55
578.7100727558136,30.55
579.8222222328186,30.55
580.9307241439819,30.55
582.0394566059113,30.55
583.1502597332001,30.46
584.2850136756897,30.55
585.3812761306763,30.55
586.4707765579224,30.55
587.5622844696045,30.55
588.6702764034271,30.55
589.7832975387573,30.55
590.8839769363403,30.46
591.9825990200043,30.55
593.0810670852661,30.55
594.1888086795807,30.55
595.2978689670563,30.55
596.4071228504181,30.46
597.5269589424133,30.46
598.6405713558197,30.46
599.7376687526703,30.46
600.8179137706757,30.46
601.930006980896,30.46
603.0420308113098,30.46
604.1413726806641,30.46
605.2442333698273,30.46
606.3490161895752,30.46
607.4623484611511,30.46
608.5699319839478,30.46
609.6838841438293,30.46
610.7799913883209,30.46
611.8613018989563,30.46
612.9630205631256,30.46
614.0762979984283,30.46
615.2003569602966,30.46
616.2929100990295,30.46
617.3940498828888,30.46
618.5049920082092,30.37
619.6039519309998,30.46
620.7033207416534,30.46
621.8327081203461,30.46
622.9261190891266,30.46
624.0555670261383,30.46
625.1615149974823,30.46
626.2759935855865,30.46
627.3729321956635,30.46
628.4729199409485,30.37
629.5697031021118,30.46
630.679053068161,30.37
631.8019921779633,30.37
632.9038383960724,30.46
634.0029165744781,30.37
635.091926574707,30.37
636.1896743774414,30.37
637.293648481369,30.37
638.3864617347717,30.37
639.4848387241364,30.37
640.56618475914,30.37
641.6698577404022,30.37
642.7791609764099,30.25
643.8907420635223,30.25
645.0045380592346,30.25
646.1033501625061,30.25
647.2199335098267,30.25
648.3020930290222,30.25
649.3969216346741,30.16
650.494332075119,30.25
651.6099288463593,30.16
652.7219247817993,30.16
653.814352273941,30.25
654.9085755348206,30.25
656.0063886642456,30.25
657.1053788661957,30.25
658.2042927742004,30.16
659.3000349998474,30.25
660.4027438163757,30.25
661.4967286586761,30.25
662.6185913085938,30.25
663.7211015224457,30.25
664.8169074058533,30.25
665.9109952449799,30.25
667.0265729427338,30.25
668.1079351902008,30.25
669.2031445503235,30.25
670.3198461532593,30.25
671.4145655632019,30.25
672.5177903175354,30.16
673.6297299861908,30.16
674.7478301525116,30.16
675.8427374362946,30.16
676.9363160133362,30.16
678.0283989906311,30.16
679.1143152713776,30.16
680.2209973335266,30.16
681.3429951667786,30.16
682.4498279094696,30.16
683.5457963943481,30.16
684.6266896724701,30.16
685.7480902671814,30.16
686.8685145378113,30.16
687.9889278411865,30.16
689.0858087539673,30.16
690.1960179805756,30.07
691.2773826122284,30.07
692.3701617717743,30.07
693.4656374454498,30.07
694.5626981258392,30.07
695.6698739528656,30.07
696.7853937149048,30.07
697.8976204395294,30.07
698.9959008693695,30.07
700.093347787857,30.07
701.2125561237335,30.07
702.3079762458801,29.98
703.4021656513214,29.98
704.501277923584,29.98
705.6003656387329,29.98
706.7305145263672,29.98
707.8124463558197,29.98
708.9284188747406,29.86
710.0535938739777,29.86
711.1565234661102,29.86
712.2701947689056,29.86
713.3787312507629,29.86
714.4745924472809,29.86
715.5688366889954,29.86
716.6657729148865,29.86
717.7473933696747,29.86
718.8430068492889,29.78
719.9232397079468,29.86
721.042028427124,29.78
722.1387119293213,29.86
723.2364690303802,29.98
724.3251030445099,29.86
725.4315857887268,29.98
726.5287888050079,29.98
727.6247630119324,29.98
728.7230107784271,29.98
729.8206565380096,30.07
730.9205012321472,30.07
732.0299260616302,30.07
733.1405034065247,30.07
734.2499694824219,30.16
735.3634848594666,30.16
736.4650032520294,30.16
737.5632138252258,30.25
738.6527433395386,30.25
739.7490410804749,30.25
740.8428235054016,30.25
741.937783241272,30.25
743.0314598083496,30.25
744.1200368404388,30.25
745.2307906150818,30.25
746.3415656089783,30.25
747.4392826557159,30.25
748.5329027175903,30.25
749.6576149463654,30.25
750.7755770683289,30.25
751.8971660137177,30.37
753.0076634883881,30.37
754.1057460308075,30.37
755.2041893005371,30.37
756.295259475708,30.46
757.3954141139984,30.46
758.5268688201904,30.46
759.6436810493469,30.46
760.7384359836578,30.46
761.8336923122406,30.46
762.9323108196259,30.46
764.0297548770905,30.46
765.1173338890076,30.46
766.2141859531403,30.46
767.3421168327332,30.46
768.422461271286,30.46
769.5162882804871,30.55
770.6133224964142,30.46
771.7413201332092,30.55
772.8399579524994,30.55
773.9344894886017,30.55
775.0313060283661,30.55
776.1291341781616,30.55
777.2276730537415,30.55
778.3389437198639,30.46
779.4483716487885,30.46
780.5602133274078,30.46
781.6711401939392,30.46
782.7918093204498,30.46
783.8930037021637,30.46
784.9839007854462,30.46
786.0807201862335,30.46
787.1815452575684,30.46
788.2785079479218,30.46
789.3741569519043,30.46
790.4682681560516,30.55
791.5639555454254,30.55
792.6803507804871,30.46
793.7943859100342,30.46
794.924165725708,30.46
796.0363056659698,30.46
797.1182236671448,30.46
798.2128100395203,30.46
799.3214564323425,30.46
800.4320073127747,30.46
801.5350546836853,30.46
802.6172254085541,30.46
803.731143951416,30.46
804.8556575775146,30.46
805.9678423404694,30.46
807.0762877464294,30.46
808.2009994983673,30.46
809.2979955673218,30.46
810.41082239151,30.55
811.5443861484528,30.55
812.6735417842865,30.46
813.7562429904938,30.46
814.8623557090759,30.46
815.9606423377991,30.46
817.0837264060974,30.46
818.1888029575348,30.37
819.30992436409,30.37
820.4096930027008,30.46
821.4920289516449,30.37
822.5924911499023,30.37
823.6882040500641,30.37
824.7920820713043,30.37
825.9155571460724,30.37
827.0261278152466,30.37
828.1214108467102,30.25
829.2297148704529,30.37
830.3304550647736,30.25
831.4510371685028,30.37
832.554541349411,30.37
833.6533632278442,30.37
834.7707786560059,30.25
835.8742289543152,30.37
836.9976680278778,30.25
838.098427772522,30.25
839.2171316146851,30.25
840.328070640564,30.37
841.4379713535309,30.25
842.5478942394257,30.37
843.6565101146698,30.25
844.7670590877533,30.25
845.8774261474609,30.25
847.0163691043854,30.25
848.1376197338104,30.25
849.2584223747253,30.25
850.3698406219482,30.25
851.467431306839,30.37
852.568282365799,30.25
853.6695513725281,30.25
854.7788844108582,30.25
855.8983867168427,30.25
857.0033602714539,30.25
858.1018869876862,30.25
859.2015724182129,30.25
860.3097541332245,30.25
861.4196417331696,30.25
862.5157582759857,30.16
863.6097965240479,30.16
864.7298195362091,30.25
865.8274462223053,30.25
866.9081914424896,30.25
868.0056195259094,30.16
869.1354055404663,30.16
870.2487618923187,30.16
871.381781578064,30.16
872.4788019657135,30.16
873.5900235176086,30.16
874.7225580215454,30.16
875.8317635059357,30.07
876.9523231983185,30.07
878.0500645637512,30.07
879.1276185512543,30.07
880.2366936206818,30.07
881.3479261398315,30.07
882.4649405479431,30.07
883.5715155601501,29.98
884.6831111907959,29.98
885.7813277244568,29.98
886.8918323516846,29.98
887.9846634864807,29.98
889.0803725719452,29.86
890.1624162197113,29.86
891.2709639072418,29.98
892.3815641403198,29.98
893.4838924407959,29.98
894.5827479362488,29.98
895.6761431694031,29.86
896.7731585502625,29.98
897.8718140125275,29.98
898.9542207717896,29.98
900.06334233284,29.86
901.1641192436218,29.98
902.2471101284027,29.86
903.3475062847137,29.98
904.4595057964325,29.98
905.5664584636688,29.98
906.6823060512543,29.98
907.782509803772,30.07
908.8634450435638,30.07
909.9608700275421,30.07
911.0574016571045,30.07
912.1678490638733,30.16
913.2627141475677,30.16
914.3435876369476,30.16
915.4522244930267,30.16
916.5770571231842,30.16
917.6742181777954,30.16
918.7594792842865,30.16
919.8535060882568,30.16
920.9489016532898,30.16
922.0438549518585,30.25
923.1320064067841,30.25
924.2310645580292,30.25
925.361159324646,30.16
926.4664719104767,30.25
927.5662567615509,30.25
928.6885197162628,30.25
929.8000268936157,30.25
930.9289445877075,30.25
932.0263993740082,30.25
933.1248557567596,30.37
934.2208516597748,30.37
935.3210844993591,30.37
936.4261963367462,30.37
937.5365223884583,30.37
938.6478011608124,30.37
939.7691261768341,30.37
940.878737449646,30.37
941.9886722564697,30.37
943.0979330539703,30.37
944.2080633640289,30.37
945.3167684078217,30.37
946.4156198501587,30.46
947.5434994697571,30.46
948.6422588825226,30.46
949.7375321388245,30.46
950.8322792053223,30.46
951.9670095443726,30.46
953.055184841156,30.55
954.1587619781494,30.55
955.2806210517883,30.55
956.4007706642151,30.55
957.485594034195,30.55
958.5857970714569,30.55
959.6847715377808,30.55
960.7801325321198,30.64
961.8694899082184,30.64
962.9730281829834,30.64
964.0914995670319,30.64
965.2015252113342,30.75
966.3127443790436,30.75
967.4139142036438,30.75
968.4975025653839,30.75
969.607168674469,30.75
970.7030477523804,30.75
971.8197555541992,30.64
972.9168856143951,30.75
974.0204944610596,30.64
975.1217882633209,30.75
976.2221789360046,30.75
977.3221044540405,30.64
978.4201793670654,30.64
979.5183908939362,30.64
980.6142480373383,30.64
981.7101404666901,30.75
982.811226606369,30.64
983.8923764228821,30.64
984.9908759593964,30.64
986.0719323158264,30.64
987.1733825206757,30.64
988.2824821472168,30.64
989.4234089851379,30.64
990.5234942436218,30.64
991.6091132164001,30.64
992.7032678127289,30.55
993.7987685203552,30.55
994.8788652420044,30.55
995.9889805316925,30.55
997.1101357936859,30.55
998.2080812454224,30.55
999.3053998947144,30.55
1000.4018881320953,30.55
1001.5094532966614,30.55
1002.6109533309937,30.46
1003.7069163322449,30.46
1004.827201128006,30.46
1005.930882692337,30.46
1007.031934261322,30.46
1008.150476694107,30.46
1009.2529711723328,30.46
1010.3363840579987,30.46
1011.4436047077179,30.46
1012.5498447418213,30.46
1013.6607637405396,30.37
1014.7600994110107,30.37
1015.8657143115997,30.37
1016.9616680145264,30.37
1018.058718919754,30.37
1019.1724016666412,30.37
1020.2843914031982,30.37
1021.3865869045258,30.37
1022.4891431331635,30.37
1023.5823938846588,30.37
1024.6782522201538,30.37
1025.761681318283,30.37
1026.9008994102478,30.37
1028.0114743709564,30.37
1029.1161584854126,30.37
1030.2120354175568,30.25
1031.3218533992767,30.25
1032.4203498363495,30.25
1033.5158269405365,30.25
1034.609705209732,30.25
1035.6918902397156,30.25
1036.7893443107605,30.25
1037.9099559783936,30.25
1038.9919583797455,30.25
1040.1012151241302,30.25
1041.2025499343872,30.25
1042.3206284046173,30.25
1043.418380498886,30.25
1044.516644001007,30.25
1045.6201004981995,30.25
1046.7275762557983,30.25
1047.8280918598175,30.25
1048.9129281044006,30.25
1050.0140206813812,30.25
1051.1432344913483,30.25
1052.248365163803,30.25
1053.3365919589996,30.16
1054.4391293525696,30.25
1055.5574533939362,30.25
1056.6571612358093,30.25
1057.7495930194855,30.25
1058.8596558570862,30.25
1059.9679479599,30.25
1061.0740563869476,30.25
1062.1739792823792,30.25
1063.2717988491058,30.25
1064.364963054657,30.25
1065.4762279987335,30.25
1066.5569138526917,30.25
1067.66730427742,30.25
1068.7933070659637,30.25
1069.9141933918,30.25
1071.0212647914886,30.25
1072.1202187538147,30.25
1073.2138941287994,30.25
1074.3089122772217,30.25
1075.4040596485138,30.25
1076.5010614395142,30.25
1077.583660364151,30.25
1078.6787993907928,30.25
1079.7861230373383,30.16
1080.8814845085144,30.16
1081.9747524261475,30.16
1083.0925028324127,30.16
1084.2099947929382,30.16
1085.305129289627,30.16
1086.4149713516235,30.16
1087.5105590820312,30.16
1088.6372261047363,30.16
1089.747724056244,30.16
1090.8781111240387,30.16
1091.9746878147125,30.07
1093.1041779518127,30.16
1094.2021672725677,30.07
1095.2888054847717,30.07
1096.4095649719238,30.07
1097.5072891712189,30.07
1098.5879085063934,29.98
1099.701768875122,29.98
1100.804044008255,29.98
1101.8957467079163,29.86
1102.9878692626953,29.98
1104.0815980434418,29.98
1105.1778900623322,29.86
1106.2788321971893,29.86
1107.3881266117096,29.98
1108.4763967990875,29.86
1109.5730385780334,29.98
1110.6691036224365,29.98
1111.7501814365387,29.98
1112.8477704524994,29.86
1113.9607193470001,29.86
1115.0549976825714,29.86
1116.151507139206,29.98
1117.2635433673859,29.98
1118.3615617752075,29.98
1119.4526016712189,30.07
1120.5514283180237,30.07
1121.6734516620636,30.07
1122.7685873508453,30.07
1123.8615472316742,30.16
1124.9544553756714,30.16
1126.0507853031158,30.16
1127.1679110527039,30.16
1128.2705285549164,30.16
1129.3653438091278,30.16
1130.4601635932922,30.16
1131.555736541748,30.16
1132.6512875556946,30.16
1133.7457842826843,30.16
1134.8400490283966,30.16
1135.933967590332,30.16
1137.0276334285736,30.16
1138.123227596283,30.16
1139.2152202129364,30.16
1140.3140726089478,30.25
1141.3937313556671,30.25
1142.512640953064,30.25
1143.6126058101654,30.25
1144.6949179172516,30.25
1145.7889127731323,30.25
1146.8872547149658,30.25
1147.9685635566711,30.25
1149.0866525173187,30.25
1150.2072174549103,30.25
1151.3022983074188,30.25
1152.4119811058044,30.37
1153.5133664608002,30.37
1154.6028409004211,30.37
1155.7118513584137,30.37
1156.812166929245,30.37
1157.8919196128845,30.37
1159.0012271404266,30.37
1160.119641304016,30.37
1161.220811367035,30.37
1162.3012623786926,30.37
1163.4110624790192,30.46
1164.5066177845001,30.37
1165.601111650467,30.46
1166.7153596878052,30.46
1167.8358554840088,30.46
1168.9663863182068,30.46
1170.0775566101074,30.46
1171.1981065273285,30.46
1172.3185212612152,30.46
1173.421621799469,30.46
1174.5041377544403,30.46
1175.604339838028,30.46
1176.7162737846375,30.46
1177.8089792728424,30.46
1178.9025859832764,30.46
1179.99986743927,30.46
1181.0944917201996,30.46
1182.1826343536377,30.46
1183.2768228054047,30.46
1184.3712556362152,30.46
1185.4807476997375,30.46
1186.577882528305,30.46
1187.6589345932007,30.46
1188.7744827270508,30.46
1189.8891577720642,30.46
1191.0002660751343,30.46
1192.0943958759308,30.46
1193.191736459732,30.46
1194.2914474010468,30.37
1195.389987230301,30.37
1196.5072741508484,30.37
1197.6061313152313,30.37
1198.698587179184,30.37
1199.802217721939,30.37
1200.895934343338,30.37
1202.0163786411285,30.37
1203.12890625,30.37
1204.2512891292572,30.25
1205.3520517349243,30.37
1206.4814202785492,30.25
1207.5768883228302,30.37
1208.677845954895,30.37
1209.8087878227234,30.46
1210.919436454773,30.46
1212.0280447006226,30.46
1213.1383213996887,30.46
1214.2479093074799,30.46
1215.3453834056854,30.46
1216.441461801529,30.46
1217.534000635147,30.46
1218.6515913009644,30.46
1219.7527964115143,30.46
1220.870033979416,30.46
1221.9659316539764,30.46
1223.0862357616425,30.46
1224.191030740738,30.46
1225.3023798465729,30.46
1226.3877923488617,30.37
1227.4845190048218,30.37
1228.6029608249664,30.37
1229.6841251850128,30.37
1230.7908973693848,30.37
1231.9123089313507,30.37
1233.019585609436,30.25
1234.1312375068665,30.25
1235.2392990589142,30.25
1236.3154997825623,30.25
1237.42755651474,30.25
1238.5240061283112,30.25
1239.6567866802216,30.25
1240.7378203868866,30.25
1241.8343694210052,30.25
1242.9311518669128,30.25
1244.0243430137634,30.25
1245.124092578888,30.25
1246.2303845882416,30.25
1247.3611822128296,30.25
1248.474754333496,30.25
1249.5956428050995,30.25
1250.7056953907013,30.25
1251.8272023200989,30.25
1252.94735789299,30.16
1254.0555868148804,30.16
1255.1550676822662,30.16
1256.253838300705,30.16
1257.3442780971527,30.16
1258.4430394172668,30.16
1259.5424151420593,30.16
1260.6406922340393,30.16
1261.7573866844177,30.16
1262.854434967041,30.16
1263.9510004520416,30.16
1265.0526823997498,30.16
1266.1565372943878,30.16
1267.2728810310364,30.16
1268.3713982105255,30.16
1269.4657609462738,30.16
1270.5595774650574,30.16
1271.6613609790802,30.16
1272.7919540405273,30.16
1273.8920295238495,30.16
1274.9898359775543,30.16
1276.0936725139618,30.07
1277.190454006195,30.07
1278.2875893115997,30.07
1279.3853449821472,30.07
1280.496886730194,30.07
1281.595789194107,30.07
1282.6835346221924,30.07
1283.792153120041,30.07
1284.9215369224548,30.07
1286.0415296554565,29.98
1287.1376132965088,29.98
1288.243858575821,29.98
1289.331780910492,29.98
1290.4295485019684,29.98
1291.5101635456085,29.98
1292.6208701133728,29.86
1293.7342975139618,29.86
1294.8390498161316,29.86
1295.93416929245,29.86
1297.0232496261597,29.86
1298.1169741153717,29.86
1299.1978251934052,29.86
1300.3043141365051,29.86
1301.4150519371033,29.86
1302.5120213031769,29.86
1303.5927250385284,29.86
1304.6993198394775,29.86
1305.7937376499176,29.98
1306.8973648548126,29.98
1307.9863443374634,29.86
1309.0926475524902,29.98
1310.190399646759,29.98
1311.2713854312897,29.98
1312.390064716339,29.86
1313.4873988628387,29.98
1314.6162657737732,30.07
1315.697749376297,30.07
1316.808676481247,30.07
1317.9058692455292,30.07
1319.0097351074219,30.07
1320.1012563705444,30.07
1321.1930816173553,30.07
1322.3024802207947,30.07
1323.391232252121,30.16
1324.4828543663025,30.16
1325.5918040275574,30.16
1326.7086055278778,30.16
1327.8215403556824,30.16
1328.9214341640472,30.16
1330.015462398529,30.16
1331.1227145195007,30.16
1332.2421958446503,30.16
1333.3499870300293,30.16
1334.4596755504608,30.25
1335.570439338684,30.25
1336.679650068283,30.25
1337.788991689682,30.25
1338.9186644554138,30.25
1340.0159895420074,30.25
1341.1110410690308,30.37
1342.201559305191,30.37
1343.320006608963,30.37
1344.4299335479736,30.37
1345.5389783382416,30.37
1346.6485588550568,30.46
1347.744444847107,30.46
1348.8430635929108,30.46
1349.9427721500397,30.46
1351.0410261154175,30.46
1352.139640569687,30.55
1353.250564813614,30.55
1354.3500125408173,30.55
1355.456226825714,30.55
1356.5785028934479,30.55
1357.6773624420166,30.55
1358.781086921692,30.55
1359.8697447776794,30.55
1360.9804933071136,30.64
1362.0901687145233,30.55
1363.1938109397888,30.64
1364.2921035289764,30.64
1365.3944289684296,30.64
1366.493061542511,30.64
1367.576250553131,30.64
1368.6865556240082,30.64
1369.7853457927704,30.64
1370.8860020637512,30.64
1371.983250617981,30.64
1373.0839557647705,30.64
1374.1797516345978,30.64
1375.2804305553436,30.55
1376.3795795440674,30.55
1377.4790303707123,30.55
1378.5688514709473,30.55
1379.6790657043457,30.55
1380.7940616607666,30.55
1381.9031925201416,30.55
1383.0004057884216,30.55
1384.081209897995,30.55
1385.1956038475037,30.55
1386.2951266765594,30.55
1387.3943572044373,30.55
1388.525295972824,30.55
1389.6083426475525,30.55
1390.7248749732971,30.55
1391.8244671821594,30.46
1392.9396703243256,30.46
1394.0520117282867,30.46
1395.1451244354248,30.46
1396.2387676239014,30.46
1397.3356764316559,30.37
1398.4241461753845,30.37
1399.51118516922,30.37
1400.6066443920135,30.37
1401.7097322940826,30.37
1402.818988084793,30.37
1403.9284257888794,30.37
1405.0389776229858,30.37
1406.1367101669312,30.25
1407.231633424759,30.37
1408.3246412277222,30.37
1409.4480457305908,30.37
1410.559669971466,30.37
1411.6625938415527,30.37
1412.7774398326874,30.37
1413.858912229538,30.37
1414.9595894813538,30.37
1416.0688009262085,30.37
1417.1779403686523,30.37
1418.2883887290955,30.37
1419.393664598465,30.37
1420.5021023750305,30.37
1421.6322937011719,30.25
1422.7429270744324,30.37
1423.845954656601,30.25
1424.9730834960938,30.37
1426.0877697467804,30.25
1427.1849229335785,30.25
1428.2836170196533,30.25
1429.4018507003784,30.25
1430.514919757843,30.25
1431.6177411079407,30.25
1432.73712849617,30.25
1433.8213603496552,30.25
1434.9150331020355,30.25
1436.0214881896973,30.25
1437.1220071315765,30.25
1438.2035660743713,30.25
1439.3179647922516,30.25
1440.4447712898254,30.16
1441.5664613246918,30.25
1442.6796073913574,30.16
1443.7808129787445,30.25
1444.8614637851715,30.16
1445.9656372070312,30.25
1447.0828757286072,30.25
1448.1813328266144,30.25
1449.279138326645,30.25
1450.3811807632446,30.25
1451.465660572052,30.25
1452.5712852478027,30.25
1453.6801776885986,30.25
1454.7819187641144,30.25
1455.8836636543274,30.25
1456.9755070209503,30.25
1458.0713675022125,30.25
1459.1657049655914,30.25
1460.2808048725128,30.25
1461.3797519207,30.25
1462.4610669612885,30.16
1463.5649733543396,30.16
1464.6626601219177,30.16
1465.7557682991028,30.16
1466.8546063899994,30.16
1467.9823489189148,30.16
1469.0966374874115,30.16
1470.1780967712402,30.16
1471.2815878391266,30.16
1472.378252029419,30.16
1473.4693493843079,30.07
1474.5906765460968,30.16
1475.722149848938,30.07
1476.8169257640839,30.07
1477.9269371032715,30.07
1479.028302192688,30.07
1480.1099247932434,29.98
1481.229419708252,29.98
1482.3293344974518,29.98
1483.4106035232544,29.98
1484.5099301338196,29.98
1485.591918706894,29.86
1486.686805486679,29.98
1487.787577867508,29.86
1488.9037325382233,29.86
1489.9800992012024,29.86
1491.1050453186035,29.86
1492.2287111282349,29.86
1493.3324744701385,29.86
1494.4164032936096,29.86
1495.5101008415222,29.86
1496.610745191574,29.86
1497.7093544006348,29.78
1498.808720588684,29.86
1499.9375519752502,29.86
1501.0202713012695,29.86
1502.123549938202,29.78
1503.2222862243652,29.86
1504.3174571990967,29.98
1505.4129309654236,29.98
1506.5077016353607,29.98
1507.5981113910675,29.98
1508.7115805149078,30.07
1509.8235065937042,30.07
1510.9234075546265,30.07
1512.0183696746826,30.07
1513.141611814499,30.07
1514.258162021637,30.16
1515.3790764808655,30.16
1516.478126525879,30.16
1517.5610206127167,30.16
1518.655720949173,30.16
1519.753039598465,30.16
1520.8811717033386,30.16
1521.9969294071198,30.16
1523.0930478572845,30.16
1524.1833300590515,30.16
1525.28431391716,30.07
1526.3674683570862,30.16
1527.468466758728,30.16
1528.5526645183563,30.16
1529.6477286815643,30.25
1530.7702152729034,30.25
1531.8718166351318,30.25
1532.9550845623016,30.25
1534.0560956001282,30.25
1535.153746843338,30.37
1536.241527557373,30.37
1537.3375418186188,30.37
1538.446851491928,30.37
1539.5410132408142,30.37
1540.6371672153473,30.46
1541.7338237762451,30.46
1542.8307077884674,30.46
1543.926771402359,30.46
1545.0230708122253,30.46
1546.1035313606262,30.46
1547.2214179039001,30.46
1548.3170850276947,30.46
1549.4180011749268,30.46
1550.5136034488678,30.46
1551.6268227100372,30.55
1552.7235491275787,30.55
1553.811537027359,30.55
1554.9411885738373,30.55
1556.0474259853363,30.55
1557.1431245803833,30.55
1558.224529504776,30.55
1559.3386297225952,30.55
1560.45215177536,30.55
1561.5504624843597,30.55
1562.6317205429077,30.55
1563.7302010059357,30.55
1564.8300805091858,30.46
1565.9177649021149,30.46
1567.019339799881,30.46
1568.1287105083466,30.46
1569.2485740184784,30.46
1570.3660464286804,30.46
1571.4819440841675,30.46
1572.581451177597,30.46
1573.661057472229,30.46
1574.7675533294678,30.46
1575.8611025810242,30.46
1576.9573101997375,30.46
1578.0516481399536,30.37
1579.1460831165314,30.37
1580.2811634540558,30.37
1581.3784444332123,30.37
1582.4727177619934,30.37
1583.5673756599426,30.37
1584.663910627365,30.37
1585.7456076145172,30.37
1586.863923549652,30.37
1587.9717864990234,30.37
1589.080617427826,30.37
1590.1761689186096,30.37
1591.2816767692566,30.37
1592.3742191791534,30.25
1593.4757316112518,30.37
1594.5816996097565,30.37
1595.6661763191223,30.37
1596.7800612449646,30.37
1597.8886456489563,30.37
1598.9990820884705,30.37
1600.1080920696259,30.37
1601.220210313797,30.37
1602.3286981582642,30.37
1603.4261422157288,30.37
1604.5073871612549,30.37
1605.6190662384033,30.37
1606.7392933368683,30.37
1607.8750002384186,30.37
1608.9965291023254,30.37
1610.1166713237762,30.37
1611.2270634174347,30.37
1612.3472726345062,30.37
1613.4618909358978,30.37
1614.5639531612396,30.37
1615.647299528122,30.37
1616.7496540546417,30.37
1617.8482904434204,30.37
1618.96830534935,30.37
1620.0760915279388,30.37
1621.1810896396637,30.37
1622.3008575439453,30.37
1623.408452987671,30.46
1624.51806807518,30.37
1625.6274726390839,30.37
1626.737689256668,30.37
1627.8331942558289,30.37
1628.9310824871063,30.37
1630.0360083580017,30.37
1631.156387090683,30.37
1632.2677352428436,30.37
1633.3760385513306,30.37
1634.4727725982666,30.37
1635.587943315506,30.37
1636.7069876194,30.37
1637.8037214279175,30.37
1638.8999118804932,30.25
1640.0073642730713,30.25
1641.1077721118927,30.37
1642.2266690731049,30.37
1643.3298964500427,30.25
1644.4334061145782,30.25
1645.531038761139,30.25
1646.6124730110168,30.25
1647.7207407951355,30.16
1648.8296694755554,30.16
1649.9418613910675,30.16
1651.0431368350983,30.16
1652.1264398097992,30.07
1653.2244834899902,30.16
1654.332516670227,30.07
1655.4298112392426,30.07
1656.5122039318085,30.07
1657.6310291290283,30.07
1658.729984998703,30.07
1659.8468255996704,30.07
1660.9290874004364,30.07
1662.0312342643738,30.07
1663.1295971870422,30.07
1664.2250666618347,30.07
1665.3187663555145,30.07
1666.4551813602448,30.07
1667.5759060382843,30.07
1668.6966438293457,30.07
1669.8089072704315,30.07
1670.9200966358185,30.07
1672.0383470058441,30.07
1673.1483199596405,30.07
1674.2579526901245,29.98
1675.368343114853,29.98
1676.4800148010254,29.98
1677.583963394165,29.98
1678.6826956272125,29.98
1679.7653443813324,29.98
1680.8707478046417,29.86
1681.9685719013214,29.86
1683.0511531829834,29.86
1684.1606793403625,29.98
1685.2610516548157,29.98
1686.3593423366547,29.98
1687.4571974277496,29.86
1688.5544867515564,29.86
1689.652732849121,29.86
1690.7520487308502,29.86
1691.8348290920258,29.86
1692.9332015514374,29.86
1694.0352594852448,29.86
1695.1317391395569,29.86
1696.2273046970367,29.98
1697.3223373889923,29.86
1698.42049574852,29.98
1699.5314602851868,29.86
1700.65682888031,29.98
1701.7678263187408,29.98
1702.8779199123383,29.98
1703.9911646842957,29.98
1705.0858294963837,29.98
1706.1815497875214,29.98
1707.2745516300201,30.07
1708.3959653377533,30.07
1709.5170850753784,30.07
1710.608742237091,30.07
1711.720875263214,30.07
1712.8128464221954,30.16
1713.9119279384613,30.16
1714.993895292282,30.16
1716.0922138690948,30.16
1717.1747710704803,30.16
1718.290608882904,30.25
1719.3874378204346,30.25
1720.4832503795624,30.25
1721.5835111141205,30.25
1722.6811199188232,30.25
1723.7888615131378,30.25
1724.897268295288,30.37
1725.9944920539856,30.37
1727.0899066925049,30.37
1728.1856582164764,30.37
1729.2818007469177,30.37
1730.375414133072,30.37
1731.4951536655426,30.37
1732.5943293571472,30.37
1733.6772601604462,30.25
1734.7979581356049,30.37
1735.8982532024384,30.37
1737.0198080539703,30.37
1738.1156423091888,30.37
1739.2144446372986,30.37
1740.3117325305939,30.37
1741.3931033611298,30.46
1742.5001595020294,30.46
1743.6003155708313,30.46
1744.6819660663605,30.46
1745.7801361083984,30.55
1746.8619031906128,30.55
1747.9925305843353,30.55
1749.1009995937347,30.55
1750.2107028961182,30.55
1751.3056662082672,30.55
1752.400104045868,30.55
1753.4936435222626,30.55
1754.5887911319733,30.55
1755.6940803527832,30.55
1756.792806148529,30.55
1757.8916368484497,30.55
1759.0215542316437,30.46
1760.1397190093994,30.46
1761.256869316101,30.46
1762.3397920131683,30.46
1763.4367289543152,30.46
1764.5327141284943,30.46
1765.646103143692,30.46
1766.7276175022125,30.46
1767.8299174308777,30.46
1768.9413516521454,30.46
1770.0810623168945,30.55
1771.1902647018433,30.55
1772.2999856472015,30.55
1773.4053356647491,30.55
1774.5015501976013,30.55
1775.5997576713562,30.46
1776.7072622776031,30.46
1777.804060459137,30.46
1778.9018626213074,30.46
1780.0033166408539,30.37
1781.0901119709015,30.37
1782.2264440059662,30.37
1783.3116779327393,30.37
1784.4119102954865,30.37
1785.5204231739044,30.25
1786.6154265403748,30.25
1787.7118945121765,30.25
1788.7940332889557,30.25
1789.8925111293793,30.25
1791.0002572536469,30.25
1792.1005809307098,30.25
1793.2090165615082,30.25
1794.3081707954407,30.25
1795.3896479606628,30.37
1796.4928245544434,30.37
1797.5910413265228,30.37
1798.6773433685303,30.37
1799.7753238677979,30.37
1800.8720202445984,30.37
