0.12962555885314941,30.07
1.253861665725708,30.16
2.3796846866607666,30.16
3.522667646408081,30.16
4.654786586761475,30.16
5.782926082611084,30.16
6.9205780029296875,30.16
8.051219701766968,30.16
9.201080322265625,30.16
10.330935001373291,30.16
11.457540512084961,30.25
12.582843542098999,30.25
13.728047847747803,30.25
14.866561889648438,30.25
16.011566638946533,30.37
17.152010440826416,30.37
18.283710718154907,30.37
19.410105228424072,30.37
20.53713059425354,30.46
21.665405750274658,30.46
22.82465171813965,30.46
23.976370573043823,30.55
25.115079879760742,30.55
26.23596453666687,30.55
27.36160659790039,30.55
28.489004135131836,30.64
29.62085270881653,30.64
30.747543334960938,30.64
31.8808810710907,30.64
33.00771236419678,30.64
34.17060923576355,30.64
35.318602561950684,30.75
36.460087060928345,30.75
37.60557770729065,30.75
38.73521614074707,30.75
39.87287211418152,30.75
41.013357639312744,30.75
42.15083956718445,30.75
43.29813575744629,30.75
44.43687391281128,30.75
45.595123529434204,30.75
46.72350883483887,30.75
47.84239721298218,30.75
48.99646592140198,30.75
50.15797424316406,30.75
51.32724571228027,30.75
52.46785068511963,30.75
53.59687638282776,30.75
54.72385382652283,30.75
55.85187864303589,30.75
56.97993779182434,30.75
58.12088131904602,30.75
59.255316495895386,30.75
60.399773836135864,30.75
61.53597617149353,30.75
62.663692474365234,30.75
63.79122996330261,30.64
64.91595268249512,30.64
66.04161858558655,30.64
67.1683280467987,30.55
68.33110284805298,30.55
69.49636721611023,30.55
70.62876009941101,30.46
71.75637531280518,30.46
72.90159511566162,30.46
74.03105425834656,30.46
75.15666651725769,30.46
76.29397892951965,30.46
77.42112731933594,30.46
78.54638671875,30.46
79.67231011390686,30.46
80.81766629219055,30.46
81.9560661315918,30.37
83.08656644821167,30.46
84.21199584007263,30.37
85.37483239173889,30.37
86.53675770759583,30.46
87.71500396728516,30.37
88.8245530128479,30.46
89.95915341377258,30.46
91.10417318344116,30.37
92.2630627155304,30.46
93.3905975818634,30.46
94.51938438415527,30.46
95.64802145957947,30.46
96.7752594947815,30.46
97.9053692817688,30.46
99.03402471542358,30.46
100.1605293750763,30.46
101.28784990310669,30.46
102.41448283195496,30.46
103.55279231071472,30.46
104.70314955711365,30.46
105.83261132240295,30.46
106.96023273468018,30.46
108.08893513679504,30.46
109.23100590705872,30.46
110.36027431488037,30.46
111.52003693580627,30.46
112.67737579345703,30.46
113.8213472366333,30.46
114.94929647445679,30.46
116.07721710205078,30.46
117.20551586151123,30.46
118.33408260345459,30.46
119.47542524337769,30.46
120.60520434379578,30.37
121.73138308525085,30.37
122.87118625640869,30.37
124.01564598083496,30.37
125.1410186290741,30.37
126.30464196205139,30.46
127.44404649734497,30.37
128.5859558582306,30.37
129.72973775863647,30.37
130.86807942390442,30.37
132.0063920021057,30.37
133.14738774299622,30.37
134.337078332901,30.37
135.46625518798828,30.25
136.59782361984253,30.25
137.72593450546265,30.25
138.85508251190186,30.25
139.98200058937073,30.25
141.10899829864502,30.25
142.23556089401245,30.25
143.36161375045776,30.16
144.48770880699158,30.25
145.6141848564148,30.16
146.7410707473755,30.25
147.8703966140747,30.25
149.00595235824585,30.25
150.13528776168823,30.25
151.26426076889038,30.25
152.4053716659546,30.25
153.54598355293274,30.25
154.67529797554016,30.25
155.8013186454773,30.25
156.94802618026733,30.25
158.0775020122528,30.16
159.2149682044983,30.16
160.34566521644592,30.16
161.47269344329834,30.16
162.60056519508362,30.16
163.72885274887085,30.16
164.85531783103943,30.07
165.98431658744812,30.07
167.1117467880249,30.07
168.23834228515625,30.07
169.37974429130554,30.07
170.50920987129211,30.07
171.634783744812,30.07
172.75485110282898,30.07
173.8835792541504,30.07
175.00953197479248,30.07
176.13589692115784,30.07
177.26903557777405,29.98
178.39663290977478,29.98
179.52447724342346,30.07
180.65068554878235,30.07
181.77679300308228,30.07
182.90216255187988,30.07
184.02819657325745,30.07
185.15315055847168,30.07
186.27898573875427,30.07
187.40669226646423,30.07
188.53243398666382,30.07
189.660635471344,30.07
190.8084180355072,30.07
191.93759059906006,29.98
193.07598447799683,29.98
194.2058506011963,29.98
195.34391522407532,29.98
196.47150015830994,29.98
197.63458681106567,29.98
198.75650906562805,29.98
199.88362455368042,29.98
201.02704071998596,29.98
202.1400408744812,29.98
203.25544238090515,29.98
204.3922939300537,29.98
205.5361521244049,29.98
206.6574273109436,30.07
207.7947895526886,29.98
208.94270491600037,29.98
210.084406375885,29.98
211.2254183292389,29.98
212.36806321144104,29.98
213.50918984413147,29.98
214.67651343345642,29.98
215.8146002292633,29.98
216.94373393058777,29.98
218.087904214859,29.98
219.22399282455444,29.98
220.37703156471252,29.98
221.5182821750641,29.98
222.65199947357178,29.98
223.77976632118225,29.98
224.9087474346161,29.86
226.05211877822876,29.98
227.1929292678833,29.86
228.32143831253052,29.98
229.44847226142883,29.86
230.57596468925476,29.86
231.70829367637634,29.86
232.8372163772583,29.86
233.97079825401306,29.86
235.09513568878174,29.86
236.2323763370514,29.86
237.36007928848267,29.86
238.48776483535767,29.86
239.62428545951843,29.86
240.75179147720337,29.86
241.87929463386536,29.78
243.0075454711914,29.86
244.14531421661377,29.78
245.27357816696167,29.78
246.40073895454407,29.78
247.5293788909912,29.86
248.6932144165039,29.78
249.8044135570526,29.78
250.94247889518738,29.86
252.11771845817566,29.78
253.25180077552795,29.86
254.37785363197327,29.78
255.51374578475952,29.86
256.64352560043335,29.78
257.7804002761841,29.86
258.90660786628723,29.86
260.0353536605835,29.86
261.17573499679565,29.86
262.3144907951355,29.98
263.4546377658844,29.98
264.5869708061218,29.98
265.7266323566437,29.98
266.86079692840576,30.07
267.9917974472046,30.07
269.13429498672485,30.07
270.2624702453613,30.07
271.3959856033325,30.07
272.5239951610565,30.07
273.65147280693054,30.07
274.77715826034546,30.07
275.9050323963165,30.07
277.0330853462219,30.07
278.1805565357208,30.07
279.3106110095978,30.07
280.4373309612274,30.16
281.56373739242554,30.16
282.70288920402527,30.16
283.84397292137146,30.16
284.97985434532166,30.16
286.1088707447052,30.16
287.2354187965393,30.25
288.3621735572815,30.25
289.4890305995941,30.25
290.61695075035095,30.25
291.76049160957336,30.25
292.88841366767883,30.25
294.0153901576996,30.37
295.14199686050415,30.37
296.26861810684204,30.37
297.39570450782776,30.37
298.5244846343994,30.37
299.67989706993103,30.37
300.81260228157043,30.37
301.96763134002686,30.37
303.1078140735626,30.46
304.2438864707947,30.46
305.3899304866791,30.46
306.53155732154846,30.46
307.66549015045166,30.46
308.80141019821167,30.46
309.9410729408264,30.46
311.0713233947754,30.46
312.19777274131775,30.46
313.3312976360321,30.46
314.461270570755,30.46
315.5928785800934,30.46
316.72594451904297,30.46
317.85497426986694,30.46
318.98192024230957,30.46
320.12808537483215,30.46
321.2744438648224,30.46
322.404155254364,30.55
323.5323314666748,30.55
324.66076612472534,30.55
325.789155960083,30.55
326.91592025756836,30.55
328.04546570777893,30.55
329.1744132041931,30.55
330.3070921897888,30.55
331.45089960098267,30.55
332.5815095901489,30.55
333.710422039032,30.55
334.856493473053,30.55
335.9858841896057,30.55
337.11345958709717,30.55
338.2415533065796,30.55
339.37054228782654,30.55
340.5203609466553,30.55
341.65427327156067,30.55
342.78216576576233,30.55
343.9068305492401,30.55
345.05000853538513,30.55
346.1956732273102,30.55
347.3240969181061,30.55
348.4510455131531,30.55
349.5796399116516,30.55
350.7068862915039,30.55
351.83591890335083,30.46
352.9628789424896,30.46
354.0905420780182,30.46
355.2182569503784,30.46
356.35910296440125,30.46
357.48762679100037,30.46
358.6146602630615,30.46
359.74194407463074,30.46
360.86921429634094,30.37
361.99718856811523,30.46
363.1250162124634,30.46
364.2530109882355,30.46
365.3812472820282,30.37
366.5086269378662,30.37
367.63646602630615,30.46
368.76422214508057,30.46
369.8908579349518,30.46
371.01862621307373,30.46
372.14570903778076,30.55
373.2743422985077,30.55
374.41578483581543,30.55
375.5506203174591,30.55
376.6877250671387,30.55
377.81506538391113,30.55
378.94431948661804,30.55
380.07238125801086,30.55
381.2011184692383,30.55
382.3343665599823,30.55
383.46420431137085,30.55
384.5941381454468,30.46
385.7310757637024,30.46
386.8762173652649,30.46
388.01624274253845,30.46
389.1602828502655,30.46
390.2873773574829,30.46
391.4330506324768,30.46
392.5624153614044,30.46
393.68947744369507,30.46
394.83551597595215,30.46
395.96620440483093,30.46
397.10502910614014,30.37
398.2445561885834,30.37
399.38447856903076,30.37
400.5191104412079,30.37
401.6610825061798,30.37
402.81433391571045,30.37
403.94391226768494,30.37
405.0724627971649,30.37
406.21914768218994,30.37
407.3587312698364,30.25
408.48764848709106,30.25
409.6160776615143,30.25
410.7439877986908,30.25
411.87678265571594,30.25
413.02660036087036,30.25
414.1863739490509,30.25
415.3296573162079,30.16
416.4518795013428,30.25
417.57881355285645,30.16
418.7044851779938,30.16
419.83347606658936,30.16
420.9775550365448,30.16
422.1061680316925,30.07
423.23376178741455,30.07
424.36623430252075,30.07
425.5303909778595,30.07
426.6759419441223,30.07
427.82136249542236,30.07
428.94787430763245,29.98
430.0767340660095,29.98
431.20432782173157,29.98
432.34471106529236,29.98
433.5056200027466,29.98
434.6352870464325,29.98
435.7750701904297,29.98
436.9059464931488,29.98
438.0322210788727,29.98
439.1687607765198,29.98
440.3070659637451,29.98
441.43430757522583,29.86
442.5629518032074,29.98
443.7150387763977,29.98
444.84609055519104,29.98
445.9741048812866,29.98
447.11242270469666,29.86
448.2387399673462,29.98
449.3649835586548,29.98
450.4938611984253,29.98
451.6221299171448,29.86
452.7492940425873,29.98
453.87651538848877,29.98
455.0035285949707,29.98
456.1435158252716,29.98
457.2715492248535,29.98
458.4010465145111,29.98
459.52649450302124,29.98
460.65436697006226,29.98
461.79411125183105,29.98
462.9290540218353,29.98
464.05576276779175,29.98
465.19332551956177,29.98
466.32276678085327,29.98
467.45099782943726,29.98
468.57966566085815,29.98
469.70724391937256,29.98
470.83391785621643,29.98
471.96218633651733,29.98
473.0939371585846,29.98
474.22242736816406,29.98
475.36135172843933,29.98
476.48572397232056,29.98
477.6147623062134,29.98
478.75249004364014,29.98
479.87817883491516,29.98
481.0014045238495,29.98
482.1302423477173,29.98
483.25941276550293,29.98
484.3877935409546,29.98
485.5388779640198,29.98
486.6659553050995,30.07
487.79366302490234,30.07
488.95451164245605,30.07
490.0794212818146,30.07
491.2312750816345,30.07
492.36843085289,30.07
493.4961168766022,30.07
494.6219038963318,30.07
495.7850134372711,30.07
496.93510389328003,30.07
498.07563185691833,30.07
499.2026448249817,30.07
500.3451449871063,30.07
501.49993920326233,29.98
502.62477231025696,29.98
503.752228975296,29.98
504.89741015434265,29.98
506.03334045410156,29.98
507.16308784484863,29.98
508.2961323261261,29.98
509.43443536758423,29.98
510.57692098617554,29.98
511.7101972103119,29.98
512.8401906490326,29.98
513.9695730209351,29.98
515.0967338085175,29.98
516.2233970165253,29.98
517.3611168861389,29.98
518.4864566326141,29.98
519.6145269870758,29.98
520.7420129776001,30.07
521.9049789905548,30.07
523.0668120384216,30.07
524.2001662254333,30.07
525.3419699668884,30.07
526.4824440479279,30.16
527.6113858222961,30.16
528.7390508651733,30.16
529.8673059940338,30.16
530.995815038681,30.25
532.1239030361176,30.25
533.2516388893127,30.25
534.381183385849,30.25
535.5186841487885,30.25
536.6452379226685,30.25
537.7708904743195,30.25
538.8961987495422,30.25
540.022599697113,30.25
541.168582201004,30.16
542.2981007099152,30.16
543.426100730896,30.25
544.5529203414917,30.25
545.6920239925385,30.25
546.8167858123779,30.25
547.9451985359192,30.25
549.072244644165,30.25
550.2180471420288,30.25
551.360937833786,30.25
552.4958424568176,30.25
553.6296305656433,30.25
554.764758348465,30.25
555.9035239219666,30.25
557.032906293869,30.25
558.1607778072357,30.25
559.3042101860046,30.25
560.445122718811,30.37
561.5726633071899,30.25
562.6996166706085,30.25
563.8263323307037,30.37
564.956502199173,30.37
566.083004951477,30.37
567.2076618671417,30.37
568.3350534439087,30.37
569.4776337146759,30.37
570.6056070327759,30.37
571.7320981025696,30.46
572.8611698150635,30.37
573.9910416603088,30.37
575.140430688858,30.37
576.2747764587402,30.37
577.4074866771698,30.37
578.5352261066437,30.37
579.6634888648987,30.37
580.8026320934296,30.37
581.9298796653748,30.37
583.0549757480621,30.37
584.1825022697449,30.37
585.3270797729492,30.37
586.4712238311768,30.25
587.6304712295532,30.25
588.7389717102051,30.25
589.9251198768616,30.25
591.0597805976868,30.25
592.1957161426544,30.25
593.3228659629822,30.16
594.4512236118317,30.25
595.5796208381653,30.16
596.7082505226135,30.16
597.8345520496368,30.25
598.9637353420258,30.16
600.0907692909241,30.25
601.2211627960205,30.16
602.3500499725342,30.16
603.4777865409851,30.16
604.6056864261627,30.16
605.7331655025482,30.16
606.8601489067078,30.16
608.0211198329926,30.16
609.1752173900604,30.16
610.3144738674164,30.16
611.4537048339844,30.16
612.5822629928589,30.16
613.7116656303406,30.07
614.8643610477448,30.07
616.0043213367462,30.16
617.1324334144592,30.07
618.2656688690186,30.07
619.4065957069397,30.07
620.5346593856812,30.07
621.6631093025208,30.07
622.7901694774628,30.07
623.9172930717468,30.07
625.0446865558624,30.07
626.1740913391113,30.07
627.3022537231445,30.07
628.4409530162811,30.07
629.570871591568,30.07
630.7025148868561,30.07
631.8250241279602,30.07
632.9535856246948,30.07
634.0793759822845,30.07
635.2234485149384,30.07
636.3514580726624,30.07
637.4814164638519,30.07
638.6216487884521,30.16
639.7496271133423,30.07
640.8921585083008,30.07
642.0377986431122,30.16
643.1741769313812,30.07
644.3024868965149,30.07
645.4421541690826,30.07
646.5841150283813,30.07
647.7145676612854,30.16
648.842978477478,30.16
649.9710524082184,30.07
651.1191065311432,30.16
652.2507081031799,30.16
653.3789343833923,30.07
654.5057418346405,30.07
655.6329944133759,30.07
656.7598865032196,30.07
657.886842250824,30.07
659.015088558197,30.07
660.1471841335297,30.07
661.2907702922821,30.07
662.4257876873016,30.07
663.5584042072296,30.07
664.6866266727448,29.98
665.8122372627258,29.98
666.9406747817993,29.98
668.082065820694,29.98
669.2254273891449,29.98
670.3717079162598,29.98
671.5170557498932,29.98
672.6471588611603,29.98
673.7774660587311,29.98
674.9072318077087,29.98
676.0374300479889,29.98
677.1635761260986,29.86
678.303106546402,29.86
679.4639136791229,29.86
680.6153309345245,29.86
681.7650790214539,29.86
682.9043447971344,29.86
684.0123174190521,29.86
685.1466999053955,29.86
686.2883710861206,29.86
687.4672231674194,29.86
688.5992772579193,29.86
689.7276167869568,29.86
690.8612735271454,29.86
691.9917697906494,29.86
693.1190166473389,29.86
694.2706518173218,29.78
695.4181442260742,29.78
696.5463714599609,29.86
697.6903774738312,29.86
698.8329102993011,29.86
699.9638981819153,29.78
701.0924336910248,29.78
702.231696844101,29.78
703.3747527599335,29.86
704.5077042579651,29.86
705.6550862789154,29.86
706.812262058258,29.86
707.938072681427,29.86
709.072015285492,29.86
710.2151074409485,29.86
711.3594892024994,29.98
712.5129895210266,29.98
713.654782295227,29.98
714.8203349113464,29.98
715.9621200561523,30.07
717.0960278511047,30.07
718.2224979400635,30.07
719.3496510982513,30.07
720.4763903617859,30.07
721.6030535697937,30.07
722.7301876544952,30.07
723.8587000370026,30.16
725.0021569728851,30.16
726.1411862373352,30.16
727.2750203609467,30.16
728.4151456356049,30.16
729.5468292236328,30.16
730.6899859905243,30.16
731.8408598899841,30.16
732.9735798835754,30.16
734.1096937656403,30.16
735.2401535511017,30.16
736.3805999755859,30.16
737.5168945789337,30.25
738.6545140743256,30.25
739.7822360992432,30.25
740.9092888832092,30.37
742.0365695953369,30.37
743.1625702381134,30.46
744.2889730930328,30.46
745.4154756069183,30.46
746.5437998771667,30.46
747.6702375411987,30.46
748.7640991210938,30.46
749.9151992797852,30.46
751.0655398368835,30.46
752.1863226890564,30.55
753.3124806880951,30.55
754.4287850856781,30.55
755.5914590358734,30.55
756.7325518131256,30.55
757.8310816287994,30.55
758.9401381015778,30.55
760.0598223209381,30.55
761.1729769706726,30.55
762.2960922718048,30.55
763.418598651886,30.55
764.5311009883881,30.55
765.6438369750977,30.55
766.7447667121887,30.55
767.8768422603607,30.55
769.0091366767883,30.55
770.1599435806274,30.55
771.2874717712402,30.55
772.3995220661163,30.64
773.5667252540588,30.55
774.6683897972107,30.64
775.7710461616516,30.55
776.8770399093628,30.64
777.9679687023163,30.64
779.0631744861603,30.55
780.1563336849213,30.64
781.2836227416992,30.55
782.4116020202637,30.55
783.5366978645325,30.55
784.6624505519867,30.55
785.7896580696106,30.55
786.921110868454,30.55
788.067868232727,30.46
789.2080149650574,30.46
790.3469069004059,30.55
791.4838030338287,30.46
792.6230628490448,30.46
793.7843470573425,30.46
794.9345526695251,30.37
796.0860149860382,30.46
797.2135107517242,30.46
798.3406069278717,30.46
799.4820935726166,30.46
800.610778093338,30.46
801.7458062171936,30.46
802.8908059597015,30.46
804.0189335346222,30.46
805.1445174217224,30.46
806.272775888443,30.46
807.4017837047577,30.46
808.5288796424866,30.46
809.6784410476685,30.46
810.8173563480377,30.46
811.9549462795258,30.46
813.0858523845673,30.46
814.2139225006104,30.46
815.3395805358887,30.46
816.4832484722137,30.46
817.6221752166748,30.46
818.7496728897095,30.46
819.8771026134491,30.37
821.0045249462128,30.37
822.1449444293976,30.37
823.2858390808105,30.37
824.4163856506348,30.37
825.545574426651,30.37
826.675368309021,30.37
827.804336309433,30.37
828.9324905872345,30.37
830.0586042404175,30.37
831.195586681366,30.37
832.3326635360718,30.37
833.4566056728363,30.37
834.5824389457703,30.37
835.7207183837891,30.37
836.8491213321686,30.37
837.9764220714569,30.37
839.1110479831696,30.37
840.2616856098175,30.37
841.4042360782623,30.46
842.5330209732056,30.37
843.6640832424164,30.37
844.7914111614227,30.37
845.9205598831177,30.37
847.0483345985413,30.37
848.1843361854553,30.25
849.3114082813263,30.25
850.4518692493439,30.25
851.5986123085022,30.25
852.7261745929718,30.25
853.8642654418945,30.16
854.9942524433136,30.16
856.12344622612,30.16
857.2521748542786,30.16
858.3852393627167,30.16
859.5119323730469,30.16
860.6392550468445,30.16
861.7659261226654,30.07
862.8924152851105,30.07
864.017980337143,30.07
865.1604731082916,30.07
866.2895212173462,30.07
867.4382178783417,30.07
868.5674116611481,30.07
869.7053604125977,30.07
870.8442225456238,30.07
871.9881825447083,30.07
873.1213955879211,30.07
874.2678174972534,30.07
875.3972516059875,30.07
876.5259811878204,30.07
877.6640021800995,30.07
878.8087491989136,30.16
879.960779428482,30.07
881.0884790420532,30.07
882.2161288261414,30.07
883.3460114002228,30.16
884.4851369857788,30.07
885.6137225627899,30.07
886.7533802986145,30.07
887.887904882431,30.07
889.0363008975983,30.07
890.1999959945679,30.07
891.3681559562683,30.07
892.5210418701172,30.07
893.6599500179291,30.07
894.7897319793701,29.98
895.9160816669464,29.98
897.0453794002533,29.98
898.17555809021,29.98
899.304357290268,29.98
900.432361125946,29.98
901.5701501369476,29.98
902.7106828689575,29.98
903.8379757404327,29.98
904.9660816192627,29.98
906.0942575931549,29.98
907.2198507785797,29.86
908.3459072113037,29.86
909.473105430603,29.86
910.602043390274,29.86
911.7272396087646,29.86
912.85426902771,29.86
913.9809386730194,29.86
915.1099429130554,29.86
916.2354490756989,29.86
917.3636491298676,29.86
918.4908797740936,29.86
919.6170706748962,29.86
920.7409689426422,29.78
921.8673002719879,29.86
922.9944472312927,29.86
924.1215014457703,29.86
925.2456328868866,29.86
926.3728129863739,29.86
927.525262594223,29.86
928.6616690158844,29.78
929.816249370575,29.78
930.9445836544037,29.78
932.0720417499542,29.78
933.216429233551,29.78
934.344456911087,29.78
935.4708967208862,29.78
936.6138603687286,29.86
937.7649760246277,29.78
938.9033486843109,29.86
940.0409889221191,29.86
941.204498052597,29.86
942.3578281402588,29.86
943.4943041801453,29.86
944.6220767498016,29.98
945.762086391449,29.98
946.8867402076721,29.98
948.013631105423,29.98
949.1433556079865,29.98
950.2737183570862,29.98
951.4021768569946,29.98
952.5417215824127,29.98
953.6900410652161,29.98
954.8193037509918,29.98
955.9449329376221,29.98
957.0777337551117,29.98
958.216108083725,30.07
959.3457903862,30.07
960.4732751846313,30.07
961.5995724201202,30.07
962.7343006134033,30.07
963.8634181022644,30.16
965.0041718482971,30.16
966.1353032588959,30.16
967.2654745578766,30.16
968.3900780677795,30.16
969.5250890254974,30.16
970.6581647396088,30.16
971.7875332832336,30.16
972.9180068969727,30.25
974.0465650558472,30.25
975.1903529167175,30.25
976.3275289535522,30.25
977.4669349193573,30.25
978.5980350971222,30.37
979.744038105011,30.37
980.9057791233063,30.37
982.0560081005096,30.25
983.2083148956299,30.37
984.3458054065704,30.37
985.4758868217468,30.37
986.6022627353668,30.37
987.7265439033508,30.37
988.8542864322662,30.37
990.0054631233215,30.37
991.1716721057892,30.37
992.3550863265991,30.37
993.4848136901855,30.37
994.6122767925262,30.37
995.7357797622681,30.37
996.8626379966736,30.37
997.9891130924225,30.37
999.1280488967896,30.37
1000.2567417621613,30.37
1001.383880853653,30.37
1002.5229058265686,30.37
1003.6621789932251,30.37
1004.7894520759583,30.37
1005.916797876358,30.37
1007.0431458950043,30.37
1008.1701049804688,30.37
1009.3010001182556,30.37
1010.4455008506775,30.37
1011.5910050868988,30.37
1012.723940372467,30.37
1013.8610944747925,30.37
1014.9885032176971,30.46
1016.116286277771,30.46
1017.2553598880768,30.46
1018.3862318992615,30.46
1019.5159094333649,30.46
1020.6538920402527,30.46
1021.7942960262299,30.46
1022.934139251709,30.55
1024.0788941383362,30.55
1025.244922876358,30.55
1026.378696680069,30.55
1027.546921491623,30.55
1028.6833624839783,30.46
1029.8125505447388,30.46
1030.974261522293,30.46
1032.1400682926178,30.46
1033.2815608978271,30.37
1034.4067089557648,30.37
1035.5333275794983,30.37
1036.6846368312836,30.25
1037.81298828125,30.37
1038.9386239051819,30.37
1040.0755157470703,30.37
1041.2253420352936,30.37
1042.3638837337494,30.37
1043.491285085678,30.25
1044.6544296741486,30.25
1045.8194897174835,30.25
1046.9634160995483,30.25
1048.1301672458649,30.25
1049.277075767517,30.25
1050.4319851398468,30.25
1051.5625305175781,30.25
1052.687907218933,30.25
1053.8162815570831,30.25
1054.9430961608887,30.37
1056.0819492340088,30.37
1057.2060506343842,30.37
1058.3323945999146,30.37
1059.4599192142487,30.37
1060.5863270759583,30.37
1061.7140431404114,30.37
1062.8418452739716,30.37
1063.9865152835846,30.37
1065.1150040626526,30.37
1066.256409406662,30.37
1067.38698387146,30.37
1068.5132291316986,30.37
1069.6605627536774,30.37
1070.7965223789215,30.37
1071.9250564575195,30.37
1073.0541017055511,30.25
1074.186705827713,30.37
1075.316156387329,30.37
1076.4447131156921,30.37
1077.5774283409119,30.25
1078.7090377807617,30.37
1079.8413293361664,30.25
1080.986548423767,30.25
1082.124490737915,30.25
1083.2529537677765,30.25
1084.4049911499023,30.25
1085.5428926944733,30.25
1086.6830489635468,30.16
1087.8181598186493,30.16
1088.944970369339,30.16
1090.072786808014,30.16
1091.19802236557,30.25
1092.325254201889,30.25
1093.4527435302734,30.25
1094.580112695694,30.16
1095.7148206233978,30.16
1096.8544046878815,30.16
1097.9933369159698,30.16
1099.134085893631,30.16
1100.2620663642883,30.07
1101.4020142555237,30.07
1102.5310304164886,30.07
1103.6604368686676,30.07
1104.7997357845306,30.07
1105.9455938339233,30.07
1107.083890914917,30.07
1108.212657213211,29.98
1109.346551656723,29.98
1110.4798469543457,29.98
1111.6068460941315,29.98
1112.7389340400696,29.98
1113.8681809902191,29.98
1114.9932308197021,29.98
1116.11927485466,29.86
1117.2472426891327,29.86
1118.374266386032,29.86
1119.5057153701782,29.86
1120.643905878067,29.86
1121.7778720855713,29.98
1122.905080795288,29.86
1124.0326731204987,29.98
1125.165557384491,29.86
1126.2959625720978,29.86
1127.4243891239166,29.86
1128.563065290451,29.86
1129.6983096599579,29.86
1130.7922778129578,29.86
1131.932752609253,29.86
1133.0781767368317,29.86
1134.2248952388763,29.86
1135.3869593143463,29.86
1136.5350708961487,29.86
1137.6714510917664,29.86
1138.8130073547363,29.86
1139.944147825241,29.86
1141.0962765216827,29.86
1142.2244861125946,29.86
1143.3513321876526,29.86
1144.4982769489288,29.86
1145.6431412696838,29.86
1146.8038852214813,29.86
1147.9441392421722,29.78
1149.0890662670135,29.86
1150.2757542133331,29.86
1151.4030113220215,29.98
1152.5296063423157,29.98
1153.6859419345856,29.98
1154.8689196109772,29.98
1155.997805595398,29.98
1157.1257791519165,29.98
1158.2534656524658,30.07
1159.3953385353088,30.07
1160.5273282527924,30.07
1161.6555321216583,30.07
1162.784026145935,30.07
1163.9257748126984,30.16
1165.0704870224,30.16
1166.1998274326324,30.25
1167.3271515369415,30.25
1168.4541120529175,30.25
1169.5930507183075,30.37
1170.7340331077576,30.37
1171.860741853714,30.37
1172.9881451129913,30.46
1174.1184644699097,30.46
1175.245052099228,30.46
1176.3737485408783,30.46
1177.5010397434235,30.46
1178.6365597248077,30.46
1179.7632205486298,30.46
1180.903047800064,30.37
1182.0334804058075,30.46
1183.1652655601501,30.37
1184.297331571579,30.46
1185.425090789795,30.37
1186.563366651535,30.37
1187.7013454437256,30.37
1188.8297867774963,30.37
1189.9557011127472,30.46
1191.0995960235596,30.46
1192.2418715953827,30.46
1193.3707022666931,30.46
1194.499924659729,30.46
1195.6283736228943,30.46
1196.754410982132,30.46
1197.8939611911774,30.46
1199.05415725708,30.46
1200.2160153388977,30.46
1201.3552339076996,30.46
1202.4872431755066,30.46
1203.6126511096954,30.46
1204.7373864650726,30.46
1205.871384859085,30.46
1206.9983313083649,30.46
1208.1275551319122,30.55
1209.2641994953156,30.55
1210.3947966098785,30.55
1211.521124124527,30.55
1212.6484138965607,30.55
1213.7763879299164,30.55
1214.9047892093658,30.55
1216.0309484004974,30.55
1217.1561841964722,30.55
1218.2820444107056,30.55
1219.4089481830597,30.55
1220.5370893478394,30.55
1221.6644175052643,30.55
1222.792769908905,30.55
1223.91854596138,30.55
1225.0466077327728,30.55
1226.1740682125092,30.46
1227.3140799999237,30.46
1228.4391260147095,30.46
1229.5664975643158,30.46
1230.7027280330658,30.46
1231.8322508335114,30.37
1232.9582388401031,30.37
1234.0904548168182,30.37
1235.2157897949219,30.37
1236.3480095863342,30.37
1237.4854700565338,30.37
1238.638087272644,30.37
1239.7661662101746,30.25
1240.8906326293945,30.25
1242.0143592357635,30.25
1243.141503572464,30.37
1244.2723977565765,30.37
1245.417935371399,30.37
1246.5603241920471,30.37
1247.7013142108917,30.37
1248.831295490265,30.37
1249.959074497223,30.37
1251.086025238037,30.37
1252.2157974243164,30.37
1253.3433954715729,30.37
1254.4736273288727,30.37
1255.6028187274933,30.37
1256.7299981117249,30.37
1257.857171535492,30.37
1258.985571861267,30.37
1260.112607717514,30.37
1261.2423748970032,30.37
1262.3683779239655,30.37
1263.4957206249237,30.37
1264.6269981861115,30.25
1265.751736164093,30.25
1266.8783531188965,30.25
1268.0047135353088,30.25
1269.131234884262,30.25
1270.257975578308,30.25
1271.3854508399963,30.25
1272.5146803855896,30.25
1273.6430530548096,30.25
1274.7707669734955,30.25
1275.916616678238,30.25
1277.0642757415771,30.25
1278.2032856941223,30.25
1279.3446607589722,30.25
1280.4765083789825,30.16
1281.6051514148712,30.16
1282.7345788478851,30.16
1283.8643712997437,30.16
1284.9918203353882,30.16
1286.1380715370178,30.16
1287.2825891971588,30.16
1288.412759065628,30.16
1289.553561925888,30.07
1290.6876397132874,30.07
1291.8204464912415,30.07
1292.949367761612,30.16
1294.0847363471985,30.07
1295.2162508964539,30.07
1296.3437435626984,30.07
1297.4708733558655,30.07
1298.5951602458954,30.07
1299.7216982841492,30.07
1300.8720228672028,30.16
1301.9997792243958,30.16
1303.131348848343,30.07
1304.2948367595673,30.07
1305.4133987426758,30.07
1306.5549731254578,30.07
1307.715401172638,30.07
1308.8536021709442,30.07
1309.9745182991028,30.07
1311.1030411720276,30.07
1312.2313394546509,30.07
1313.373941898346,30.07
1314.5012092590332,30.07
1315.6611847877502,30.07
1316.8323888778687,30.07
1317.9655549526215,30.07
1319.0927336215973,30.07
1320.217069864273,30.07
1321.3543465137482,30.07
1322.4839262962341,29.98
1323.609543800354,30.07
1324.7382073402405,29.98
1325.8790912628174,29.98
1327.0074865818024,29.98
1328.1350629329681,29.98
1329.273896932602,29.98
1330.4219357967377,29.98
1331.56303024292,29.98
1332.7032878398895,29.86
1333.8442735671997,29.98
1334.9728050231934,29.98
1336.102620124817,29.86
1337.2272171974182,29.98
1338.354219198227,29.86
1339.4908018112183,29.98
1340.61820602417,29.98
1341.748150587082,29.98
1342.87522482872,29.98
1344.0010633468628,30.07
1345.13138961792,30.07
1346.2581129074097,30.07
1347.4089143276215,30.07
1348.5418000221252,30.07
1349.6814126968384,30.07
1350.8221671581268,30.07
1351.9515480995178,30.07
1353.0804753303528,30.07
1354.2028291225433,30.07
1355.347983598709,30.07
1356.4786875247955,30.07
1357.6333799362183,30.07
1358.764817237854,30.16
1359.9014329910278,30.16
1361.0268568992615,30.07
1362.1532454490662,30.07
1363.2813351154327,30.07
1364.4074623584747,30.07
1365.5413436889648,30.07
1366.6829707622528,30.07
1367.8113737106323,30.07
1368.9473493099213,30.07
1370.0944244861603,30.07
1371.2384715080261,30.07
1372.367121219635,29.98
1373.4944107532501,29.98
1374.6313843727112,30.07
1375.7602169513702,30.07
1376.890243768692,29.98
1378.0214402675629,29.98
1379.1500029563904,29.98
1380.2771549224854,29.98
1381.4031500816345,29.98
1382.5322573184967,29.98
1383.6581990718842,29.98
1384.794068813324,29.98
1385.9221863746643,30.07
1387.0569858551025,30.07
1388.185122013092,30.07
1389.3122329711914,30.07
1390.4567840099335,30.07
1391.586762189865,30.16
1392.7161800861359,30.16
1393.846984386444,30.16
1394.9784297943115,30.16
1396.1025004386902,30.16
1397.2303981781006,30.16
1398.3734443187714,30.16
1399.5014915466309,30.16
1400.626503944397,30.07
1401.763588666916,30.07
1402.9034638404846,30.16
1404.0418455600739,30.07
1405.1685371398926,30.07
1406.295360326767,30.07
1407.42409658432,30.07
1408.5469288825989,30.07
1409.6722166538239,30.07
1410.8342759609222,30.07
1411.9645342826843,30.07
1413.1147639751434,30.07
1414.279412984848,30.07
1415.4246423244476,30.07
1416.5632400512695,30.07
1417.7085995674133,30.07
1418.8543939590454,30.07
1420.0142951011658,30.07
1421.1844000816345,30.07
1422.3525695800781,30.07
1423.492966890335,30.07
1424.621211528778,30.07
1425.7575643062592,30.07
1426.8980689048767,30.07
1428.025067806244,30.07
1429.1514792442322,30.07
1430.2789087295532,30.07
1431.4056060314178,30.07
1432.5350370407104,30.16
1433.6747193336487,30.07
1434.804636478424,30.07
1435.9339628219604,30.16
1437.0572843551636,30.16
1438.1850028038025,30.16
1439.3244025707245,30.16
1440.4544048309326,30.07
1441.5833175182343,30.07
1442.7095153331757,30.07
1443.8353095054626,30.07
1444.9635014533997,30.07
1446.0928790569305,30.07
1447.2248756885529,30.07
1448.3520066738129,30.07
1449.4873135089874,30.07
1450.6146812438965,30.07
1451.7419078350067,30.07
1452.8750536441803,29.98
1454.0012888908386,30.07
1455.1274032592773,30.07
1456.251550912857,29.98
1457.37996840477,30.07
1458.5211343765259,30.07
1459.6646740436554,29.98
1460.7947585582733,30.07
1461.9228320121765,29.98
1463.070025920868,30.07
1464.201155424118,30.07
1465.3312916755676,30.07
1466.4579854011536,29.98
1467.5910181999207,29.98
1468.731104850769,29.98
1469.8683676719666,29.98
1470.9969863891602,29.98
1472.1252443790436,29.98
1473.2706015110016,29.98
1474.4067125320435,29.98
1475.5364074707031,29.98
1476.674337387085,29.98
1477.8043212890625,29.98
1478.9305038452148,29.98
1480.05788397789,29.98
1481.1848449707031,29.86
1482.3128850460052,29.86
1483.4363882541656,29.86
1484.575033903122,29.86
1485.71506524086,29.86
1486.8491923809052,29.86
1487.9856595993042,29.78
1489.118126630783,29.86
1490.2669517993927,29.86
1491.398278951645,29.86
1492.525584936142,29.86
1493.6557121276855,29.86
1494.7827379703522,29.86
1495.9229924678802,29.86
1497.0604474544525,29.86
1498.19313621521,29.86
1499.3388485908508,29.86
1500.474844455719,29.86
1501.609563589096,29.86
1502.73801279068,29.98
1503.8791151046753,29.98
1505.0148265361786,29.98
1506.1456768512726,29.98
1507.2749409675598,29.98
1508.4040567874908,29.98
1509.5476160049438,29.98
1510.6756672859192,30.07
1511.8139698505402,30.07
1512.9412670135498,30.07
1514.069259405136,30.07
1515.19624376297,30.07
1516.3222641944885,30.07
1517.4508266448975,30.07
1518.5784249305725,30.16
1519.7147762775421,30.16
1520.8507339954376,30.16
1521.9883925914764,30.16
1523.135226726532,30.16
1524.2799043655396,30.16
1525.4155142307281,30.16
1526.5547888278961,30.25
1527.693210363388,30.25
1528.8335008621216,30.25
1529.9742209911346,30.25
1531.1075739860535,30.25
1532.2341837882996,30.25
1533.3815042972565,30.37
1534.5086300373077,30.37
1535.6346702575684,30.37
1536.7633831501007,30.37
1537.890234708786,30.37
1539.0222826004028,30.46
1540.1525218486786,30.46
1541.3059754371643,30.46
1542.4360542297363,30.46
1543.5629935264587,30.46
1544.6889607906342,30.46
1545.8161036968231,30.46
1546.944267988205,30.46
1548.071662902832,30.46
1549.2199370861053,30.46
1550.3588478565216,30.46
1551.4914846420288,30.46
1552.6164009571075,30.46
1553.7434349060059,30.46
1554.8738703727722,30.46
1556.0044693946838,30.46
1557.1340277194977,30.46
1558.2659842967987,30.46
1559.4013497829437,30.55
1560.54141163826,30.55
1561.6681971549988,30.55
1562.7954742908478,30.55
1563.9233922958374,30.55
1565.0490760803223,30.55
1566.1885950565338,30.55
1567.3211812973022,30.64
1568.460753440857,30.64
1569.6143503189087,30.64
1570.7524259090424,30.64
1571.8788073062897,30.64
1573.0053355693817,30.64
1574.1533617973328,30.64
1575.2862830162048,30.75
1576.437225818634,30.64
1577.5622334480286,30.64
1578.7099463939667,30.75
1579.8362913131714,30.75
1580.9707572460175,30.75
1582.100365638733,30.75
1583.2297189235687,30.75
1584.3566918373108,30.75
1585.4929692745209,30.75
1586.6328527927399,30.75
1587.761103630066,30.75
1588.902954339981,30.75
1590.0502123832703,30.75
1591.1774010658264,30.64
1592.305911540985,30.64
1593.4341292381287,30.64
1594.5624403953552,30.64
1595.6934757232666,30.64
1596.831123828888,30.64
1597.974888086319,30.55
1599.1022908687592,30.55
1600.2275755405426,30.55
1601.3551359176636,30.55
1602.481900215149,30.55
1603.6246511936188,30.55
1604.7531836032867,30.55
1605.879576921463,30.55
1607.0214977264404,30.46
1608.1515510082245,30.46
1609.2748222351074,30.46
1610.400514125824,30.46
1611.525809764862,30.46
1612.6520204544067,30.46
1613.7777433395386,30.46
1614.9042794704437,30.46
1616.0499589443207,30.46
1617.1814074516296,30.46
1618.3077125549316,30.46
1619.4362936019897,30.46
1620.564290523529,30.46
1621.6925156116486,30.46
1622.821853876114,30.46
1623.9621686935425,30.46
1625.1196818351746,30.46
1626.2776486873627,30.46
1627.4326479434967,30.46
1628.5741300582886,30.46
1629.7220697402954,30.46
1630.8520529270172,30.46
1631.9800424575806,30.46
1633.1073052883148,30.46
1634.2347393035889,30.46
1635.3743798732758,30.46
1636.5030629634857,30.46
1637.6321070194244,30.46
1638.7669694423676,30.37
1639.9040834903717,30.46
1641.0291702747345,30.37
1642.1546273231506,30.37
1643.2822279930115,30.37
1644.421082496643,30.37
1645.5574746131897,30.37
1646.6856117248535,30.37
1647.8302164077759,30.37
1648.978500366211,30.37
1650.1133539676666,30.37
1651.248128414154,30.37
1652.3941917419434,30.25
1653.5332341194153,30.25
1654.6620736122131,30.25
1655.7907676696777,30.25
1656.919263601303,30.25
1658.0704553127289,30.25
1659.1971805095673,30.25
1660.3251123428345,30.25
1661.4529876708984,30.25
1662.609614610672,30.16
1663.7558085918427,30.25
1664.896588563919,30.16
1666.023767709732,30.16
1667.153846025467,30.16
1668.281412601471,30.16
1669.4088888168335,30.16
1670.5345327854156,30.16
1671.6728887557983,30.16
1672.8075168132782,30.16
1673.9325892925262,30.16
1675.0612807273865,30.16
1676.192150592804,30.16
1677.322907447815,30.16
1678.44992685318,30.16
1679.575805902481,30.16
1680.7029201984406,30.16
1681.8291170597076,30.16
1682.9580652713776,30.16
1684.0855312347412,30.16
1685.2125861644745,30.16
1686.357911348343,30.16
1687.5003147125244,30.16
1688.6449120044708,30.07
1689.781875371933,30.16
1690.9154829978943,30.07
1692.0454897880554,30.16
1693.1726109981537,30.16
1694.2994465827942,30.16
1695.4441754817963,30.16
1696.5959031581879,30.16
1697.7223057746887,30.16
1698.8618183135986,30.16
1700.0100643634796,30.16
1701.1385905742645,30.16
1702.2701785564423,30.16
1703.3982193470001,30.07
1704.5237305164337,30.07
1705.6537272930145,30.07
1706.780796289444,30.07
1707.907220363617,30.07
1709.0338654518127,30.07
1710.1594650745392,30.07
1711.2865059375763,30.07
1712.413991689682,30.07
1713.539314031601,30.07
1714.6671993732452,30.07
1715.7947080135345,30.07
1716.921334028244,30.07
1718.0491087436676,30.07
1719.175330400467,29.98
1720.3010778427124,30.07
1721.429907798767,30.07
1722.5593945980072,30.07
1723.6884331703186,30.07
1724.8164484500885,30.07
1725.9431738853455,30.07
1727.0702929496765,29.98
1728.1987192630768,29.98
1729.3298122882843,29.98
1730.4755403995514,29.98
1731.6053988933563,29.98
1732.7360537052155,29.86
1733.8643639087677,29.86
1734.9900116920471,29.86
1736.114756345749,29.86
1737.2412812709808,29.86
1738.3675808906555,29.86
1739.494523525238,29.86
1740.6230292320251,29.86
1741.7506022453308,29.86
1742.8776891231537,29.86
1744.004795074463,29.86
1745.1500747203827,29.86
1746.2771081924438,29.86
1747.4026699066162,29.86
1748.5376000404358,29.86
1749.6853823661804,29.86
1750.8123621940613,29.78
1751.9372992515564,29.78
1753.0614280700684,29.78
1754.1960980892181,29.78
1755.3333752155304,29.78
1756.4667291641235,29.78
1757.6158831119537,29.78
1758.752958059311,29.78
1759.893009185791,29.78
1761.032156944275,29.86
1762.1580851078033,29.86
1763.2858560085297,29.86
1764.4155435562134,29.78
1765.5415949821472,29.86
1766.6681861877441,29.86
1767.8107764720917,29.86
1768.9400243759155,29.86
1770.06693816185,29.86
1771.1951506137848,29.86
1772.3342635631561,29.86
1773.4724490642548,29.86
1774.6038732528687,29.86
1775.7345206737518,29.86
1776.8632900714874,29.86
1777.9994587898254,29.86
1779.1296639442444,29.86
1780.255098104477,29.98
1781.3810710906982,29.98
1782.5074591636658,29.98
1783.6337831020355,29.98
1784.759169101715,29.98
1785.9047620296478,29.98
1787.0370485782623,30.07
1788.1661777496338,29.98
1789.2936372756958,30.07
1790.428857088089,30.07
1791.5538535118103,30.07
1792.6805837154388,30.07
1793.807307958603,30.07
1794.9370937347412,30.07
1796.0655014514923,30.07
1797.1938195228577,30.07
1798.3336074352264,30.07
1799.4703252315521,30.16
1800.5964152812958,30.16
