61.8718557358
66.0305500031
24.0785937309
66.6129312515
71.9240841866
62.8520607948
59.2593426704
80.446536541
72.4449462891
68.2944545746
73.8229751587
49.2686333656
71.2268671989
74.8072814941
55.3549275398
66.2315125465
59.8991417885
72.7771496773
66.6744503975
75.2215104103
66.8426027298
35.9025735855
53.0623140335
55.8388781548
72.1414518356
61.5765638351
80.786942482
72.0758314133
60.2067375183
64.9601168633
58.0166559219
59.8253188133
64.5253815651
71.5877795219
62.6798071861
71.6657037735
33.0234775543
60.678384304
61.9374761581
74.1264696121
69.5986604691
58.9722533226
54.5551786423
50.396484375
70.5255489349
72.4900603294
62.4050216675
68.4749107361
67.3880724907
71.4401335716
53.3781123161
55.469763279
70.0949149132
76.5134124756
46.0614352226
72.5228705406
72.7033267021
63.3196063042
53.3412008286
67.6669592857
61.9866914749
45.5159654617
60.8096251488
74.032140255
61.162334919
58.594935894
55.5845990181
64.1562666893
70.3655991554
71.7600331306
61.6216778755
60.9203596115
86.9347558022
50.1093950272
70.8987650871
86.4713115692
54.5510773659
70.4189157486
61.1131196022
51.5120315552
58.6523537636
35.8984723091
58.3242516518
57.8772125244
49.1332912445
49.6869635582
51.6801838875
51.2577524185
47.7880725861
35.824649334
58.9066329002
38.4002509117
43.1700353622
52.561958313
66.2684240341
28.5530862808
50.9706630707
60.1452183723
52.8900604248
55.1703701019
