62.224565506
71.9774007797
62.9176812172
57.0364508629
69.7709140778
55.8839921951
63.2703909874
83.6373295784
71.5303616524
67.4700980186
63.4918599129
77.6986813545
65.7762708664
54.9037871361
70.4148144722
71.8953752518
69.2213430405
71.1776518822
81.1806650162
60.6619791985
52.5332493782
66.493994236
58.8984303474
63.9183926582
70.1687378883
62.4337306023
82.5750989914
57.7746806145
71.0259046555
70.6854987144
71.3499054909
73.0642390251
65.3620419502
72.0922365189
51.5120315552
70.6485872269
62.7946429253
62.26557827
73.950114727
75.4470806122
65.1487755775
48.7887840271
65.0380411148
70.9028663635
59.2716464996
74.270014286
74.7785725594
81.5128684044
55.1867752075
70.1318264008
75.8859171867
78.9044566154
83.3256325722
73.2446951866
76.1401963234
60.7727136612
69.9185600281
56.6632347107
65.6204223633
62.7167186737
70.9274740219
73.6343164444
60.9818787575
77.2885537148
47.4722743034
63.8937849998
77.0301733017
65.2472062111
77.239338398
59.6899766922
67.1460971832
56.810880661
54.1860637665
73.2980117798
65.2718138695
70.7142076492
64.8739900589
62.2942872047
66.452981472
73.1708722115
66.4611840248
62.0769195557
66.2848291397
45.4790539742
63.4754548073
67.2035150528
84.2156095505
66.2971329689
62.3517050743
69.3730902672
55.4943709373
64.6976351738
76.1442975998
67.6669592857
39.2861266136
78.6132659912
65.6409287453
56.6960449219
65.6450300217
72.186565876
68.679974556
73.1257581711
65.5712070465
74.1305708885
49.5270137787
65.5301942825
33.3474783897
61.3632974625
65.5671057701
64.3531279564
64.0168232918
71.2145633698
76.6569571495
53.5585684776
48.7682776451
52.0739064217
52.8490476608
49.5844316483
52.9310731888
55.3590288162
47.6281228065
49.674659729
70.4804348946
60.9121570587
64.5253815651
68.7168860435
51.5981583595
55.6297130585
58.8328099251
45.466750145
66.4365763664
63.3606190681
63.348315239
65.8254861832
47.1851849556
69.9062561989
62.4747433662
68.9916715622
66.5678172112
74.2618117332
73.0519351959
50.1134963036
66.6785516739
60.1903324127
76.3493614197
80.6557016373
67.7817950249
78.7116966248
52.5660595894
56.8970074654
69.3361787796
65.0749526024
77.2639460564
56.1054611206
65.1282691956
64.7017364502
61.2320566177
75.9433350563
64.7591543198
72.1742620468
49.1414937973
74.5858125687
71.4319310188
78.6870889664
64.2013807297
59.0870890617
67.8515167236
55.0350279808
69.8939523697
28.3193135262
66.7646784782
68.5241260529
56.7370576859
70.8290433884
57.934630394
78.4205060005
75.0287504196
56.3351325989
70.8167395592
52.9392757416
63.3688216209
77.4074907303
68.9670639038
48.0915670395
67.6874656677
70.5911693573
59.5300269127
63.0735297203
79.363799572
72.8837828636
58.8041009903
58.6441512108
61.6872982979
54.604393959
70.9807906151
67.1953125
62.1097297668
66.1576895714
51.8319311142
80.7090182304
74.052646637
63.2006692886
61.482234478
54.747938633
73.0273275375
58.7261767387
73.1134543419
79.7985348701
54.5141658783
68.0606818199
67.1994137764
65.4071559906
42.157020092
68.4872145653
81.467754364
67.0804767609
64.6443185806
70.5337514877
76.538020134
52.0739064217
67.0189576149
76.2673358917
66.6867542267
69.6478757858
66.6990580559
72.4408450127
55.2934083939
67.8105039597
55.4000415802
67.8474154472
68.9629626274
85.9668545723
58.1766057014
49.1291899681
64.1521654129
55.3098134995
52.0246911049
67.3183507919
55.4451556206
65.3948521614
63.1801629066
65.7188529968
62.204059124
52.5578570366
64.6525211334
65.6983466148
64.369533062
72.6130986214
71.907679081
61.5806651115
48.251516819
69.6437745094
58.0781750679
72.6623139381
60.2190413475
48.6698470116
54.2393803596
51.2864613533
51.6965889931
64.968319416
36.8499684334
51.2372460365
50.5564341545
48.5098972321
63.0612258911
42.3169698715
53.4396314621
49.3260512352
51.6063609123
46.1229543686
61.523247242
59.0132660866
63.647708416
62.7536301613
60.9162583351
61.0146889687
85.0481686592
57.8608074188
49.2809371948
68.9055447578
72.867377758
58.4472899437
57.1225776672
83.9244189262
80.6762080193
45.1550531387
75.1599912643
50.5072188377
71.3006901741
74.0895581245
67.8269090652
65.1487755775
48.210504055
76.9153375626
61.6955008507
72.7648458481
62.2409706116
46.9350070953
59.9360532761
68.9670639038
66.6211338043
77.600250721
68.9711651802
61.6052727699
52.4184136391
78.8757476807
75.1722950935
68.5118222237
65.3743457794
57.5901231766
70.5829668045
51.0116758347
65.5424981117
65.5507006645
65.4850802422
69.7504076958
72.12504673
69.3771915436
50.6425609589
53.3001880646
76.517513752
72.5843896866
61.0023851395
81.5579824448
90.6464109421
45.6431050301
57.192299366
84.8841176033
69.8652434349
63.2621884346
61.6462855339
71.4606399536
53.2673778534
65.1569781303
70.7470178604
64.049633503
68.1919226646
61.5970702171
67.0681729317
59.5874447823
56.790374279
64.8944964409
68.1468086243
65.3538393974
49.1661014557
74.3602423668
65.4235610962
72.1291480064
63.5000624657
66.1658921242
65.0626487732
59.7884073257
72.3547182083
88.0256953239
72.3629207611
73.0068211555
72.526971817
55.9127011299
46.4182462692
58.0166559219
69.9718766212
68.556936264
66.5103993416
71.2719812393
61.482234478
51.4094996452
62.0851221085
69.9062561989
71.2514748573
65.1610794067
65.8747014999
64.3244190216
66.4283738136
67.8515167236
65.3210291862
72.8591752052
66.7974886894
55.9044985771
68.556936264
72.1291480064
57.6967563629
64.5581917763
61.9579825401
74.3479385376
50.7820043564
65.8582963943
63.225276947
65.3743457794
71.5754756927
69.7545089722
68.679974556
61.1664361954
67.2199201584
71.7313241959
42.4728183746
55.1908764839
57.5286040306
51.3479804993
54.7151284218
46.8775892258
55.6420168877
54.1532535553
64.968319416
34.1103157997
45.6020922661
53.7677335739
68.897342205
33.3433771133
51.2372460365
50.1093950272
51.0649924278
52.3527932167
49.2071142197
51.2659549713
61.802134037
37.567691803
51.5120315552
53.2304663658
47.9808325768
65.6163210869
41.6320567131
47.1851849556
56.0972585678
44.8925714493
51.2536511421
32.9004392624
65.390750885
54.9283947945
49.0758733749
62.6428956985
39.671646595
49.2563295364
57.0733623505
46.2295875549
51.9385643005
49.1168861389
51.2372460365
53.0418076515
49.6910648346
51.3725881577
50.0724835396
44.4742412567
54.7848501205
52.7137055397
51.4628162384
50.4539022446
51.0526885986
50.5523328781
48.8831133842
48.8338980675
58.7261767387
49.3711652756
46.9391083717
52.6193761826
48.0546555519
52.6439838409
36.9812092781
43.8344421387
68.4626069069
54.0917344093
49.0963797569
51.3315753937
48.7231636047
58.2053146362
46.6561203003
48.6616444588
53.7595310211
45.6595101357
51.3725881577
63.0817322731
39.2041010857
51.1880307198
52.7465157509
51.2126383781
48.8215942383
51.1839294434
52.3650970459
51.5653481483
48.6698470116
51.2495498657
47.9357185364
66.4447789192
37.9942245483
49.2317218781
66.8590078354
35.1561412811
52.2543625832
30.0459508896
58.5375180244
70.6608910561
44.9540905952
51.2577524185
49.8633184433
48.1940989494
44.6875076294
59.0993928909
49.8346095085
52.2748689651
51.5038290024
49.6295456886
51.5120315552
50.0396733284
53.3576059341
50.9788656235
58.4718976021
42.558945179
47.8003764153
52.6152749062
48.6698470116
51.1634230614
52.984389782
50.9132452011
55.088344574
46.8775892258
53.6405940056
47.5050845146
50.4128894806
50.7614979744
52.7055029869
45.2206735611
56.150575161
49.1907091141
54.1819624901
49.9207363129
59.3208618164
44.0395059586
59.9688634872
48.4688844681
55.8634858131
64.3244190216
73.3800373077
56.1464738846
58.5047078133
45.6595101357
55.1826739311
55.026825428
79.2284574509
69.0162792206
47.3082232475
60.9244608879
56.1054611206
65.029838562
66.9246282578
72.1824645996
73.8393802643
56.6755385399
65.8295874596
67.2486290932
70.1933455467
67.5685286522
68.3231635094
62.0318055153
59.4233937263
73.187277317
57.5163002014
62.2409706116
73.7901649475
70.8659548759
55.5928015709
59.8499264717
73.3226194382
65.070851326
37.9245028496
77.3541741371
49.9125337601
61.9825901985
56.4458670616
65.0790538788
48.973341465
56.6591334343
69.1762290001
74.7252559662
66.7482733727
70.9889931679
62.0728182793
60.5348396301
60.0426864624
54.0015063286
74.0690517426
69.7996230125
69.7873191833
66.2930316925
69.5002298355
46.8734879494
59.5587358475
76.8538184166
68.7907090187
72.5023641586
71.9897046089
76.8292107582
53.2263650894
57.2046031952
70.2507634163
36.6490058899
85.3106503487
46.9801211357
71.7190203667
75.5701189041
65.0462436676
69.4633183479
78.0185809135
69.7791166306
67.5234146118
70.2917761803
49.6254444122
41.857626915
81.1560573578
59.6079511642
66.9738435745
36.7310314178
69.5289387703
65.3251304626
58.9804558754
74.4627742767
54.5182671547
70.8741574287
73.7860636711
69.5658502579
68.339568615
80.848461628
63.1350488663
71.124335289
73.0068211555
53.0500102043
83.9408240318
72.4572501183
68.5323286057
78.3794932365
85.0645737648
71.6246910095
66.2766265869
57.5491104126
51.9180579185
62.0359067917
69.3894953728
73.6835317612
66.3053355217
73.4415564537
68.7743039131
57.0610585213
58.9025316238
63.3975305557
63.68872118
72.5515794754
72.3383131027
57.4588823318
55.4041428566
73.0396313667
82.3331236839
68.3805813789
60.9244608879
72.3219079971
68.7127847672
53.1156306267
58.3857707977
59.5136218071
69.9144587517
64.7468504906
56.7575640678
71.8953752518
68.5159235001
65.9854359627
64.8247747421
65.8254861832
82.4561619759
62.0441093445
70.2220544815
52.9679846764
34.7747225761
67.4126801491
60.0098762512
65.091357708
60.2313451767
50.6671686172
65.7147517204
69.8693447113
62.7700352669
55.3016109467
65.7598657608
60.6414728165
67.3593635559
65.7967772484
62.1261348724
65.9157142639
61.1049170494
73.5071768761
73.8393802643
69.2623558044
64.2587985992
60.1903324127
68.3231635094
56.8272857666
64.1234564781
50.4005856514
60.3051681519
63.3196063042
60.3871936798
62.4132242203
58.9025316238
68.8850383759
69.4797234535
55.5969028473
63.6518096924
65.813182354
69.1967353821
57.832098484
73.2405939102
76.9973630905
42.3825902939
66.194601059
60.8629417419
76.0294618607
77.8217196465
66.9082231522
62.8151493073
53.3083906174
75.2338142395
60.5717511177
66.2479176521
63.2908973694
61.7406148911
59.7843060493
55.687130928
64.8985977173
74.4791793823
61.9169697762
62.2327680588
48.9651389122
76.6692609787
63.184264183
73.0888466835
67.2814393044
63.6928224564
72.7689471245
46.2788028717
68.5856451988
63.1227450371
71.8789701462
72.608997345
74.9385223389
64.1316590309
45.766143322
78.240049839
56.1669802666
64.0865449905
68.8645319939
63.926595211
65.6327261925
47.7839713097
71.1120314598
79.2489638329
67.6669592857
72.0512237549
73.2652015686
73.5071768761
46.5371832848
49.7443814278
74.5776100159
65.472776413
70.3286876678
62.8069467545
73.8721904755
58.635948658
79.983092308
69.5289387703
65.7762708664
70.2343583107
61.6790957451
56.2941198349
51.5981583595
69.3730902672
71.7887420654
70.4148144722
63.0325169563
62.5813765526
62.6469969749
64.3203177452
64.1398615837
70.8126382828
68.3887839317
59.9647622108
48.4360742569
75.6398406029
77.2065281868
68.1468086243
72.7115292549
67.4126801491
71.3786144257
47.4230589867
71.1407403946
64.8493824005
68.6266579628
75.7095623016
69.360786438
62.5403637886
59.2142286301
80.704916954
52.1518306732
64.2136845589
67.4003763199
64.9273066521
72.7033267021
42.4810209274
81.2872982025
67.236325264
61.9538812637
57.253818512
65.2636113167
72.4900603294
49.8633184433
65.0626487732
56.7001461983
60.3215732574
62.6880097389
49.1209874153
62.8110480309
63.7215313911
55.8429794312
60.9367647171
41.0988907814
65.9198155403
69.3689889908
68.9342536926
78.5763545036
68.5610375404
76.218120575
48.1858963966
72.4244399071
70.021091938
64.1029500961
72.3137054443
68.2452392578
65.3784470558
54.706925869
37.1821718216
67.0804767609
74.2659130096
59.0911903381
74.5489010811
73.3841385841
43.2643647194
73.7696585655
58.0125546455
73.0027198792
66.7400708199
50.3226613998
65.8870053291
73.1257581711
64.4679636955
64.3531279564
71.5918807983
71.6287922859
45.8850803375
68.2862520218
41.8453230858
70.9766893387
62.1958565712
55.7609539032
53.3699097633
63.1350488663
49.0840759277
63.1145424843
61.8759570122
66.2028036118
61.9579825401
72.3137054443
77.3951869011
51.0444860458
65.9403219223
68.9711651802
79.0480012894
71.784640789
68.3764801025
60.8301315308
49.4203805923
57.8567061424
75.6398406029
66.2479176521
66.6621465683
68.2083277702
65.0175347328
46.8160700798
70.5501565933
67.3183507919
65.3456368446
71.0751199722
64.2998113632
59.5218243599
69.020380497
63.7502403259
64.4884700775
66.7072606087
72.9370994568
48.6247329712
75.3363461494
70.5501565933
55.2729020119
79.724711895
74.4340653419
70.5829668045
51.4915251732
67.0435652733
58.6892652512
64.287507534
69.4920272827
83.7357602119
59.5997486115
69.0818996429
65.2554087639
48.4196691513
67.2281227112
65.1364717484
76.7553877831
65.4604725838
78.199037075
69.2377481461
56.2408032417
72.9617071152
66.3873610497
66.6006274223
66.8795142174
66.0551576614
54.1860637665
58.4718976021
53.5052518845
66.2151074409
67.0517678261
73.5235819817
47.4394640923
60.6824855804
71.3376016617
69.1106085777
70.1277251244
67.494705677
64.8083696365
47.4312615395
68.2329354286
62.0112991333
76.5216150284
65.9239168167
72.3957309723
60.3297758102
62.3352999687
60.2313451767
73.2857079506
78.1129102707
58.0207571983
61.0885119438
56.6058168411
67.617743969
67.4700980186
59.3741784096
64.0045194626
71.6862101555
45.8481688499
69.5822553635
74.41355896
62.9627952576
72.268591404
66.8179950714
62.7946429253
48.973341465
71.5590705872
68.5528349876
67.1050844193
65.8788027763
68.3928852081
60.7891187668
44.2650761604
62.0933246613
72.9822134972
66.0059423447
57.8608074188
64.5048751831
83.0549483299
48.6206316948
68.3436698914
83.5758104324
69.7381038666
67.2937431335
67.5644273758
62.6141867638
49.8017992973
77.0629835129
62.9094786644
65.3784470558
65.3989534378
63.58618927
65.2349023819
60.4774217606
65.1282691956
59.7350907326
72.826364994
69.1065073013
65.0462436676
67.1173882484
50.2898511887
63.4221382141
61.0228915215
68.4462018013
62.9176812172
57.110273838
66.051056385
73.2939105034
77.8709349632
66.7769823074
62.7987442017
60.9244608879
47.8249840736
73.630215168
57.9469342232
54.8094577789
65.3046240807
57.8074908257
64.1685705185
64.2916088104
31.2681312561
59.3823809624
46.6561203003
70.2425608635
53.7513284683
57.7049589157
48.2351117134
55.2770032883
50.0478758812
48.5386061668
84.4616861343
62.16304636
53.6323914528
62.9381875992
70.4107131958
79.3514957428
53.6118850708
82.1608700752
67.5029082298
45.446243763
72.7812509537
64.2834062576
63.9430003166
66.9984512329
72.8919854164
68.5897464752
62.905377388
81.406235218
72.867377758
70.0785098076
58.9394431114
73.2200875282
62.0195016861
76.3698678017
68.5528349876
65.5835108757
82.6776309013
79.363799572
65.6163210869
80.0610165596
57.6762499809
75.6767520905
46.1434607506
69.8529396057
55.9373087883
70.6485872269
81.2872982025
65.3210291862
67.1255908012
51.5284366608
65.1610794067
64.9396104813
53.6159863472
76.816906929
74.9221172333
71.6616024971
47.9890351295
73.9829249382
71.3129940033
69.5494451523
72.0553250313
68.9014434814
69.3238749504
73.1954798698
77.0137681961
49.7689890862
77.5674405098
76.9768567085
69.2090392113
74.1428747177
74.8605980873
73.0355300903
72.6828203201
77.3541741371
49.0225567818
78.7116966248
78.2851638794
73.3554296494
72.7484407425
75.9843478203
72.3424143791
68.7168860435
72.867377758
48.6165304184
72.5146679878
78.8101272583
68.0155677795
65.2266998291
71.0505123138
78.7773170471
48.5878214836
70.845448494
66.8508052826
65.9239168167
65.349738121
67.0599703789
65.6040172577
53.1648459435
73.9050006866
72.4408450127
71.9856033325
71.2883863449
71.3252978325
72.1824645996
52.4922366142
71.8789701462
72.3342118263
64.2505960464
74.1346721649
58.4718976021
65.6122198105
52.2297549248
72.1783633232
57.0774636269
73.0396313667
68.6512656212
72.0266160965
65.6245236397
71.6780076027
70.5870680809
49.0225567818
74.9631299973
72.4941616058
60.7686123848
50.839422226
64.988825798
78.3917970657
52.1477293968
77.9365553856
59.1814184189
63.4713535309
74.2043938637
71.0792212486
48.4606819153
60.8383340836
66.4857916832
80.4752454758
75.5209035873
76.2099180222
64.0660386086
50.1750154495
72.1414518356
65.0831551552
64.607407093
70.9192714691
53.7677335739
68.4995183945
50.6999788284
74.8277878761
72.3752245903
66.4447789192
72.629503727
70.3327889442
67.6136426926
53.3617072105
62.92588377
77.9160490036
72.7443394661
66.0469551086
67.6013388634
67.1419959068
56.9380202293
79.0849127769
63.2211756706
64.2916088104
76.9112362862
79.5360531807
73.5194807053
62.5567688942
65.050344944
50.5441303253
67.9663524628
79.1136217117
71.4155259132
75.1394848824
68.0196690559
72.2439837456
55.0145215988
79.4704327583
58.5170116425
64.8821926117
76.2755384445
76.5011086464
71.6862101555
63.5246701241
73.4538602829
51.7499055862
64.6361160278
62.4009203911
63.4713535309
72.7976560593
64.7796607018
62.3599076271
61.8800582886
73.6835317612
65.329231739
60.378991127
75.3486499786
56.9913368225
64.8739900589
69.0244817734
69.680685997
63.5779867172
56.3843479156
50.6056494713
51.2167396545
50.2652435303
47.1851849556
50.9665617943
52.902364254
48.7887840271
50.478509903
50.314458847
51.0034732819
49.2440257072
51.4218034744
51.54074049
49.1086835861
50.7122826576
50.0642809868
51.6104621887
50.4990162849
49.8838248253
55.8552832603
46.3649296761
51.5571455956
59.2716464996
39.1466832161
48.7928853035
50.5687379837
52.6152749062
50.5687379837
50.6835737228
49.7853941917
51.799120903
50.6999788284
51.5899558067
49.3260512352
50.7532954216
52.840845108
70.2261557579
29.8654947281
47.3615398407
54.727432251
48.1817951202
49.0430631638
53.2304663658
76.4067792892
24.1032013893
49.35476017
50.0519771576
53.4683403969
50.8435235023
49.6910648346
50.6343584061
67.3757686615
33.3474783897
49.2809371948
48.9692401886
55.8511819839
52.5537557602
44.9869008064
50.5277252197
50.9624605179
50.2734460831
53.2263650894
47.7019457817
54.6946220398
47.7101483345
44.5808744431
50.1134963036
57.4301733971
71.5754756927
68.6061515808
29.8777985573
69.0080766678
51.6514749527
62.2163629532
64.4597611427
69.4838247299
64.1316590309
60.4487128258
61.2894744873
33.2613515854
71.9527931213
72.0266160965
73.4333539009
78.5394430161
51.1224102974
71.8420586586
72.6171998978
53.2714791298
67.6218452454
75.0492568016
73.9050006866
50.4005856514
74.9221172333
66.3053355217
70.5050425529
69.9185600281
68.5528349876
75.032851696
71.042309761
64.9519143105
52.5988698006
65.0216360092
61.3550949097
66.6334376335
80.4793467522
75.5127010345
84.8266997337
53.7226195335
66.6826529503
76.3370575905
78.0144796371
71.6616024971
75.4511818886
68.9055447578
66.9820461273
59.8622303009
53.2304663658
76.3288550377
74.3848500252
70.783929348
88.0872144699
69.9390664101
69.422305584
66.6088299751
64.5294828415
61.2976770401
67.3224520683
69.5576477051
59.6899766922
65.9362206459
45.3724207878
70.4722323418
76.9399452209
66.514500618
73.248796463
83.9572291374
45.8153586388
46.8447790146
63.5205688477
68.8440256119
77.4444022179
68.4174928665
70.9274740219
75.0246491432
74.5447998047
65.050344944
52.0698051453
66.1453857422
53.5093531609
67.6300477982
64.0537347794
54.1532535553
73.9132032394
54.2147727013
17.9676918983
79.4581289291
69.8611421585
64.988825798
53.4806442261
64.0168232918
63.7502403259
70.5255489349
80.5408658981
74.3602423668
63.4098343849
48.1202759743
65.2431049347
54.7397360802
76.0663733482
61.7324123383
77.7519979477
69.401799202
46.4920692444
68.7702026367
62.0892233849
66.5473108292
62.6141867638
51.7950196266
76.9030337334
58.0289597511
48.3909602165
62.9340863228
48.4319729805
59.4315962791
72.6459088326
60.6332702637
74.4750781059
67.0886793137
71.3991208076
52.3158817291
74.4422678947
62.884871006
65.6368274689
58.4883027077
69.5248374939
61.7201085091
56.068549633
65.0421423912
79.3514957428
67.0025525093
73.3800373077
73.4702653885
79.0192923546
65.1897883415
55.8060679436
61.0967144966
72.1373505592
64.3039126396
67.1871099472
63.9019875526
53.9892024994
79.7370157242
68.6758732796
72.0922365189
35.2258629799
74.2618117332
76.0130567551
73.7655572891
47.8003764153
50.4251933098
70.5296502113
64.9232053757
70.681397438
67.8474154472
65.2595100403
75.1722950935
52.8490476608
70.4312195778
62.5567688942
63.7133288383
61.1295247078
52.2338562012
79.1259255409
64.7550530434
65.1733832359
68.0360741615
72.0389199257
75.8408031464
72.0389199257
73.0601377487
53.9153795242
72.1619582176
70.4107131958
75.5578150749
63.709227562
76.1607027054
74.8688006401
75.9843478203
66.4775891304
59.5587358475
63.3811254501
65.370244503
58.5211129189
77.8463273048
64.0906462669
62.3640089035
61.6503868103
65.2841176987
54.3173046112
69.7093949318
57.5819206238
54.9981164932
72.7115292549
65.5876121521
35.1151285172
70.2917761803
58.4267835617
77.0342745781
59.9237494469
76.5298175812
65.5219917297
77.5059213638
67.1378946304
73.9583172798
71.887172699
44.1256327629
67.4700980186
67.3101482391
53.9892024994
59.1773171425
74.3807487488
57.151286602
62.9915041924
61.6298804283
80.8730692863
48.6206316948
66.5678172112
46.3239169121
65.1528768539
62.3394012451
69.3238749504
55.6666245461
72.3219079971
73.1011505127
55.4164466858
66.2643227577
70.2671685219
67.2240214348
60.6865868568
69.2869634628
73.691734314
53.1853523254
57.9961495399
53.2263650894
72.0758314133
54.5428748131
41.9109435081
61.482234478
62.0071978569
71.8543624878
67.3224520683
60.2272439003
65.132370472
46.8816905022
104.890143871
65.2882189751
67.3962750435
68.9465575218
75.816195488
72.3424143791
66.9000205994
74.8359904289
55.6625232697
73.4866704941
76.0376644135
60.07959795
61.162334919
63.8363671303
73.1667709351
46.1393594742
70.8823599815
72.3424143791
65.1077628136
73.8967981339
64.1316590309
69.8488383293
55.9660177231
77.6084532738
66.4447789192
65.4850802422
64.7837619781
57.6188321114
62.9750990868
57.7787818909
68.0852894783
72.0717301369
67.0763754845
30.9605355263
39.8480014801
71.0587148666
66.7154631615
68.0483779907
65.0421423912
50.757396698
61.4863357544
64.410545826
69.2254443169
62.3147935867
66.2889304161
74.2987232208
57.2661223412
65.7967772484
58.6400499344
65.050344944
71.9568943977
69.660179615
67.133793354
47.9439210892
79.0480012894
66.555513382
63.3852267265
76.4108805656
60.5389409065
73.5030755997
53.685708046
71.2022595406
56.2736134529
68.9834690094
65.8623976707
68.2616443634
57.6516423225
58.7958984375
71.7190203667
67.0968818665
77.7519979477
64.5458879471
43.9041638374
74.5242934227
57.5080976486
65.8706002235
73.1298594475
66.9533371925
69.5166349411
72.6459088326
70.402510643
46.5576896667
67.0640716553
69.3648877144
55.3590288162
71.1202340126
45.6759152412
70.1646366119
62.6798071861
66.051056385
74.8770031929
65.2102947235
57.4670848846
52.3897047043
68.700480938
73.3226194382
61.6503868103
66.3504495621
70.6854987144
59.0870890617
58.5416193008
64.0373296738
54.2680892944
77.6289596558
66.3094367981
48.653441906
76.1648039818
65.4891815186
77.7930107117
34.1841387749
70.5378527641
60.038585186
58.5580244064
68.8317217827
58.213517189
75.5537137985
62.5936803818
47.4804768562
63.947101593
79.0603051186
74.1592798233
64.0701398849
78.2318472862
69.3976979256
65.4440674782
65.0462436676
56.9995393753
75.7095623016
67.7325797081
70.2384595871
80.0528140068
69.1065073013
72.4777565002
53.665201664
76.0007529259
59.0255699158
65.070851326
62.8971748352
73.6056075096
74.2823181152
50.478509903
65.2184972763
66.473487854
69.3320775032
60.5594472885
60.9244608879
63.4795560837
59.9196481705
64.308013916
58.4226822853
73.4866704941
62.1671476364
48.673948288
71.2637786865
68.597949028
33.7453022003
65.1774845123
60.1534209251
76.5216150284
52.0082859993
73.7204432487
69.8037242889
67.174806118
65.6040172577
73.6671266556
57.2661223412
50.9009413719
69.8980536461
70.2466621399
72.8755803108
66.793387413
64.2752037048
62.7700352669
52.6849966049
76.8456158638
69.1598238945
68.0811882019
66.8302989006
68.3600749969
65.8829040527
49.3506588936
64.4064445496
65.3415355682
70.2917761803
64.1439628601
55.6297130585
50.4908137321
57.8485035896
82.7514538765
60.2313451767
67.1707048416
58.6195435524
66.3340444565
67.2937431335
64.328520298
67.5234146118
62.7003135681
46.0532326698
63.3934292793
59.9852685928
81.8327679634
71.185854435
68.2616443634
81.9517049789
66.3996648788
73.0355300903
48.2392129898
69.3935966492
72.7689471245
69.3484826088
59.7145843506
45.5364718437
67.3716673851
73.5317845345
74.4668755531
69.401799202
66.0633602142
65.6040172577
51.2331447601
71.403222084
65.5671057701
64.3818368912
69.1639251709
64.8985977173
62.9833016396
50.1668128967
63.7420377731
69.9882817268
55.1129522324
74.073153019
69.0572919846
64.1398615837
51.8360323906
78.7281017303
62.8315544128
66.772881031
59.5628371239
63.1104412079
68.9014434814
59.2634439468
78.621468544
74.8359904289
61.4781332016
72.8550739288
40.6395478249
65.5383968353
58.0248584747
64.6607236862
72.4941616058
57.5450091362
66.1453857422
54.1901650429
64.6238121986
66.0551576614
63.8691773415
68.3067584038
71.1817531586
74.5365972519
54.0220127106
75.713663578
75.1640925407
71.2022595406
76.9604516029
58.6318473816
79.2694702148
71.485247612
70.1810417175
58.7999997139
71.7190203667
67.7120733261
52.7137055397
60.4651179314
83.9490265846
74.0157351494
58.5826320648
69.2336468697
50.097091198
57.7090601921
66.0551576614
52.1559319496
64.7837619781
71.8748688698
68.8850383759
74.5530023575
66.3258419037
68.0442767143
48.3581500053
71.7764382362
73.3185181618
68.9711651802
68.5487337112
72.145553112
68.1714162827
55.4738645554
27.203766346
63.3893280029
65.2677125931
80.2455739975
80.3522071838
64.6935338974
48.4934921265
66.3586521149
64.0455322266
70.382004261
82.7760615349
64.0988488197
63.3852267265
50.9009413719
64.1644692421
83.6045193672
72.9042892456
63.8322658539
63.8281645775
67.5316171646
51.0896000862
73.1954798698
64.7386479378
73.8803930283
60.9449672699
40.7256746292
65.0749526024
72.7279343605
72.9412007332
80.7664361
73.7491521835
68.2944545746
64.267001152
71.9897046089
29.6399245262
64.1029500961
59.7966098785
69.1762290001
59.4931154251
46.9432096481
58.6523537636
64.7673568726
80.9181833267
67.917137146
76.9071350098
82.8580870628
67.113286972
65.8418912888
52.9105668068
59.8827366829
75.2502193451
71.8379573822
67.917137146
69.3976979256
65.0544462204
70.000585556
57.7213640213
67.256831646
59.9647622108
74.9959402084
68.9260511398
64.5499892235
70.0046868324
66.1494870186
49.9658503532
72.9863147736
65.1733832359
65.0585474968
74.5201921463
72.6171998978
57.8649086952
62.482945919
70.6690936089
67.4003763199
71.7108178139
85.860221386
75.475789547
66.0592589378
48.4524793625
58.8246073723
65.9895372391
72.4736552238
66.2807278633
65.0380411148
67.1584010124
53.6611003876
64.5458879471
73.6548228264
61.1705374718
71.7928433418
72.1004390717
64.6361160278
56.6304244995
67.4331865311
62.6469969749
69.040886879
64.8534836769
63.327808857
63.6189994812
56.6304244995
64.7837619781
56.3515377045
62.2286667824
77.3541741371
49.3711652756
63.2949986458
61.9661850929
69.020380497
68.3149609566
75.1435861588
67.937643528
52.4430212975
76.4108805656
63.2129731178
64.7632555962
70.3040800095
64.1152539253
62.9833016396
56.1464738846
74.2454066277
59.5587358475
66.9656410217
66.9492359161
68.6922783852
76.1073861122
56.2818160057
71.8338561058
68.0565805435
68.3108596802
69.6560783386
64.6402173042
77.4115920067
49.695166111
65.5178904533
71.3868169785
56.9995393753
61.3304872513
69.4674196243
74.2495079041
47.2713117599
68.2001252174
69.4797234535
71.5344629288
70.0785098076
71.9445905685
70.0908136368
52.5783634186
65.5753083229
82.271604538
80.1307382584
73.289809227
73.7901649475
70.8331446648
68.577442646
79.1054191589
48.9610376358
60.6004600525
61.9251723289
58.2258210182
63.1104412079
51.6227660179
59.4603052139
73.5522909164
76.0294618607
73.991127491
68.1386060715
64.3777356148
52.0369949341
65.5219917297
72.4777565002
73.9050006866
68.9875702858
