79.6590914726
57.5450091362
72.1988697052
74.3561410904
71.9363880157
61.6626906395
69.3156723976
65.2061934471
73.2036824226
67.8187065125
52.602971077
59.0501775742
72.7566432953
76.2304244041
67.8843269348
56.0521445274
50.4826111794
50.6056494713
50.9009413719
50.2324333191
50.9952707291
50.3185601234
50.5400290489
50.5482316017
50.4867124557
50.77790308
50.6999788284
50.757396698
50.4949150085
50.5072188377
73.5440883636
28.3357186317
49.7853941917
50.8640298843
54.0589241982
47.4763755798
50.6179533005
50.2488384247
51.1921319962
52.1436281204
50.1381039619
47.7019457817
54.6946220398
51.2167396545
54.3378109932
47.952123642
51.056789875
51.1552205086
50.736890316
51.1347141266
51.3315753937
50.7820043564
51.3930945396
66.1617908478
59.1116967201
60.5430421829
18.3368067741
49.974052906
50.4046869278
50.3636741638
72.2316799164
30.9564342499
49.7648878098
70.1892442703
31.7192716599
51.179828167
51.2126383781
51.2331447601
51.2659549713
50.6548647881
51.1757268906
51.4464111328
51.2085371017
50.9009413719
50.7491941452
50.7902069092
50.839422226
50.5482316017
50.3636741638
51.1757268906
50.9870681763
51.2495498657
61.4986395836
40.5657248497
50.11759758
50.2570409775
50.4498009682
51.138815403
50.9501566887
50.7655992508
50.3226613998
50.2570409775
50.9788656235
50.2939524651
50.9460554123
50.7491941452
51.0485873222
72.8919854164
60.8506379128
60.5635485649
39.3271393776
78.0718975067
59.3331656456
63.4016318321
66.2110061646
59.8335213661
64.9601168633
75.2748270035
85.8274111748
71.7272229195
64.9437117577
68.2452392578
82.3454275131
72.7648458481
73.2241888046
50.8066120148
70.6444859505
63.6313033104
71.6862101555
73.0560364723
76.775894165
36.402929306
70.6321821213
67.0066537857
73.3882398605
74.4832806587
66.2438163757
62.3065910339
83.7849755287
50.9419541359
60.8916506767
68.1386060715
68.7455949783
75.9269299507
66.051056385
81.6400079727
55.5845990181
76.8292107582
65.6409287453
53.9071769714
70.7962331772
33.6960868835
59.7022805214
64.1808743477
72.8222637177
68.6266579628
24.8291273117
65.5096879005
67.9007320404
61.4986395836
79.0356974602
78.9864821434
66.3504495621
78.0308847427
68.2739481926
50.6835737228
70.4968400002
74.0280389786
79.6795978546
69.4100017548
70.0292944908
65.2308011055
68.4297966957
65.8952078819
61.9210710526
75.1763963699
72.4654526711
66.3340444565
63.68872118
68.298555851
52.5742621422
64.0865449905
72.3670220375
65.6614351273
63.7338352203
75.8941197395
65.9977397919
73.2200875282
49.1743040085
69.4141030312
77.1039962769
72.1414518356
59.8417239189
65.2923202515
71.1202340126
64.0004181862
71.6739063263
63.2908973694
77.8176183701
77.8873400688
65.690144062
72.2152748108
58.5006065369
75.3281435966
60.7234983444
65.00933218
64.8165721893
66.7974886894
74.9467248917
64.7632555962
76.1525001526
48.6452393532
66.9328308105
80.5818786621
67.4783005714
57.6557435989
43.5145425797
80.4383339882
65.2225985527
73.8803930283
60.8465366364
67.6300477982
64.5581917763
46.889893055
76.8538184166
59.997572422
73.630215168
73.589202404
62.9176812172
71.6041846275
68.679974556
76.7266788483
50.5031175613
83.2641134262
68.1919226646
83.2600121498
67.1953125
78.7157979012
66.0674614906
62.2532744408
63.2703909874
59.0255699158
68.1016945839
67.7982001305
70.6937012672
83.6701397896
71.7600331306
73.9665198326
75.053358078
58.7835946083
31.0958776474
75.7874865532
61.6996021271
70.1892442703
75.3281435966
59.2347350121
65.1077628136
76.5339188576
76.6692609787
65.792675972
72.4695539474
63.1391501427
47.9275159836
74.4750781059
74.0608491898
73.1175556183
44.8843688965
70.4927387238
62.1097297668
69.5699515343
63.4836573601
67.4413890839
73.9788236618
56.4622721672
74.97133255
71.5836782455
71.5959820747
64.4556598663
79.6508889198
63.4754548073
52.943377018
59.5423307419
67.1255908012
71.0053982735
52.4020085335
67.9253396988
71.0956263542
57.9182252884
64.6935338974
72.0922365189
67.8843269348
74.1182670593
59.7104830742
73.2159862518
57.0733623505
73.1052517891
65.4071559906
58.0330610275
56.1464738846
65.4481687546
61.9128684998
60.6086626053
77.1121988297
74.8523955345
30.9933457375
73.3021130562
48.0218453407
43.3504915237
68.7414937019
78.1457204819
72.8591752052
60.9203596115
66.2561202049
55.1826739311
76.0663733482
64.8165721893
77.8012132645
70.6116757393
64.2218871117
75.8982210159
68.3149609566
30.111571312
50.5154213905
63.906088829
40.4672942162
44.32249403
67.494705677
62.3558063507
65.4071559906
61.7324123383
35.7508263588
79.8846616745
53.7349233627
51.4136009216
73.4948730469
75.4019665718
80.0897254944
79.5196480751
70.443523407
65.1610794067
60.4692192078
38.310022831
73.5399870872
60.4446115494
70.7183089256
78.3712906837
65.8829040527
74.4012551308
51.881146431
65.4686751366
73.7573547363
45.023812294
30.3248376846
55.9209036827
52.7178068161
60.3256745338
72.7279343605
63.4672522545
56.2408032417
80.9386897087
71.5180578232
74.0075325966
66.0059423447
72.4203386307
69.9021549225
60.4159026146
63.7912530899
68.4913158417
65.3579406738
54.7520399094
64.9026989937
78.0677962303
60.4692192078
71.6903114319
70.0785098076
69.7299013138
71.144841671
72.3137054443
79.7083067894
61.3017783165
67.3511610031
56.9216151237
89.2314705849
65.4235610962
74.0895581245
65.5671057701
61.9456787109
64.0168232918
53.7349233627
72.6992254257
72.0102109909
65.349738121
69.742205143
77.899643898
80.6351952553
69.4510145187
71.8092484474
49.9412426949
65.8377900124
74.073153019
62.5772752762
73.3021130562
73.4579615593
64.3449254036
52.5291481018
63.7953543663
70.3697004318
71.46474123
70.4189157486
73.1544671059
69.3156723976
53.3001880646
64.5089764595
73.3267207146
64.410545826
83.5347976685
62.0195016861
78.982380867
81.9804139137
72.7525420189
56.913412571
75.0492568016
69.2951660156
78.6378736496
82.2757058144
71.5918807983
66.6416401863
67.3880724907
71.5754756927
57.2784261703
64.5089764595
67.7858963013
66.2643227577
56.9954380989
51.3192715645
49.9002299309
66.6457414627
60.7234983444
69.9964842796
73.0437326431
45.6595101357
70.1072187424
64.3326215744
68.8112154007
63.0489220619
61.1746387482
46.0409288406
71.5754756927
74.5612049103
73.3964424133
57.7295665741
75.5906252861
67.7817950249
46.889893055
77.5100226402
74.1551785469
70.742916584
73.691734314
71.3458042145
72.88788414
78.6788864136
67.4618954659
52.2338562012
66.7564759254
73.2200875282
83.0918598175
69.5043311119
75.2051053047
64.7386479378
68.3600749969
75.032851696
48.7969865799
63.7010250092
79.6672940254
61.121322155
67.8023014069
66.3012342453
65.813182354
69.5453438759
80.5818786621
83.694747448
71.825653553
69.2910647392
64.7017364502
77.8463273048
73.4620628357
59.5915460587
53.1771497726
68.1139984131
85.6510562897
73.2323913574
70.8946638107
66.5596146584
35.6770033836
63.0325169563
69.3484826088
66.6621465683
74.290520668
80.426030159
72.7976560593
31.0261559486
68.917848587
68.0155677795
54.0671267509
66.6375389099
65.2431049347
52.2133498192
83.7193551064
57.2292108536
75.9966516495
70.6526885033
68.1180996895
76.1442975998
63.0735297203
62.3845152855
61.9825901985
68.0893907547
74.6022176743
55.2729020119
81.4636530876
74.5858125687
64.988825798
49.2481269836
64.8247747421
78.6706838608
71.46474123
61.9784889221
64.6443185806
72.9412007332
50.6097507477
68.0811882019
72.6746177673
74.0157351494
65.5424981117
65.3210291862
60.8629417419
58.4924039841
66.0059423447
65.9567270279
70.9192714691
62.8684659004
45.6718139648
70.0292944908
69.1270136833
65.0257372856
77.6248583794
68.5938477516
59.1157979965
50.9706630707
56.5812091827
58.3242516518
65.5835108757
73.228290081
67.3593635559
64.7960658073
54.4608492851
79.5401544571
60.9818787575
61.3879051208
63.7707467079
70.2015480995
72.8591752052
57.3850593567
47.6814393997
60.5635485649
73.5727972984
70.0292944908
71.9158816338
68.5856451988
57.5039963722
73.1913785934
77.8217196465
60.5307383537
66.5268044472
65.0585474968
73.248796463
57.6557435989
71.9897046089
70.4517259598
62.8725671768
64.7919645309
61.3058795929
70.2712697983
53.283782959
67.0763754845
85.5116128922
69.1516213417
77.5305290222
67.0845780373
71.5180578232
75.3404474258
67.2814393044
54.1901650429
73.6958355904
72.3178067207
64.7960658073
69.3566851616
73.3636322021
66.8713116646
60.4692192078
63.3975305557
71.3991208076
78.641974926
65.2184972763
80.1061306
68.3682775497
72.6171998978
72.6705164909
54.0179114342
73.1175556183
77.3746805191
70.4927387238
63.647708416
75.053358078
73.6548228264
72.6377062798
90.6341071129
47.7921738625
65.9403219223
71.485247612
77.1039962769
50.5072188377
73.2569990158
72.0799326897
48.3868589401
82.9196062088
63.9347977638
71.2227659225
83.2805185318
80.4957518578
69.1680264473
71.1530442238
73.8680891991
48.0915670395
57.0733623505
70.4476246834
80.3481059074
78.7157979012
61.9251723289
64.8616862297
53.0869216919
73.4251513481
50.8066120148
73.8721904755
29.8695960045
53.0171999931
44.7900395393
46.6602215767
49.2358231544
50.8927388191
51.8483362198
49.2030129433
59.9811673164
80.6228914261
75.5373086929
49.6459507942
75.6849546432
60.5594472885
64.9970283508
62.8192505836
69.1229124069
61.9579825401
47.9603261948
78.6870889664
62.5526676178
64.0660386086
67.0148563385
76.2632346153
50.8107132912
44.5972795486
65.8747014999
80.2332701683
73.2569990158
74.2536091805
66.1576895714
74.6760406494
63.5820879936
70.4968400002
66.3545508385
81.106842041
70.6854987144
91.4994764328
71.4770450592
71.5180578232
70.5542578697
71.9404892921
64.2177858353
59.5751409531
59.7637996674
62.4993510246
64.1152539253
71.4278297424
46.7996649742
69.5248374939
54.1983675957
64.2998113632
54.9201922417
40.475496769
71.8625650406
67.0189576149
73.8434815407
77.600250721
77.9242515564
66.4242725372
47.0580453873
79.5401544571
71.6698050499
73.6835317612
78.4492149353
60.8834481239
68.3231635094
57.8485035896
69.6642808914
58.3447580338
72.0061097145
72.3383131027
73.7614560127
63.709227562
69.7955217361
79.7165093422
50.8353209496
67.113286972
66.3176393509
74.651432991
58.2873401642
65.5999159813
73.3267207146
59.1034941673
72.8632764816
65.6245236397
69.6437745094
88.222556591
78.3589868546
70.1974468231
63.2908973694
54.6495079994
50.035572052
57.3071351051
74.8811044693
68.7291898727
76.7512865067
45.3683195114
61.9661850929
69.4059004784
75.775182724
59.6612677574
67.0107550621
72.1168441772
50.5810418129
58.2791376114
40.7051682472
71.2678799629
77.9160490036
44.98279953
74.6965470314
73.8352789879
66.1084742546
72.8960866928
73.1298594475
63.6641135216
57.491692543
66.6006274223
61.6913995743
28.5612888336
47.5337934494
52.4471225739
69.5166349411
73.0191249847
66.8097925186
73.4743666649
69.8078255653
63.7994556427
53.1976561546
77.0301733017
81.4513492584
70.5993719101
72.4285411835
65.3948521614
65.5096879005
65.4481687546
60.9203596115
64.328520298
79.322786808
70.8003344536
73.0109224319
65.9690308571
65.2964215279
69.5084323883
56.2859172821
70.0662059784
66.4201712608
67.215818882
77.9078464508
63.0776309967
65.4809789658
53.9153795242
54.4567480087
70.8782587051
66.2397150993
56.1259675026
47.9972376823
69.8201293945
74.7457623482
70.6526885033
70.9848918915
70.2835736275
68.5241260529
63.8609747887
83.5224938393
54.8422679901
68.3641762733
66.2848291397
63.7912530899
78.6870889664
61.564260006
86.3769822121
48.9569363594
70.722410202
61.6872982979
69.2459506989
59.4972167015
68.2903532982
65.8254861832
57.0241470337
76.7430839539
76.0622720718
68.9834690094
59.7966098785
64.8985977173
69.4715209007
53.7185182571
69.1639251709
72.4654526711
69.5822553635
74.0280389786
63.2375807762
72.2973003387
53.8866705894
63.9799118042
77.7027826309
73.2036824226
64.5499892235
71.2432723045
66.9656410217
77.6494660378
69.4469132423
48.4237704277
73.671227932
77.5838456154
66.3422470093
58.5785307884
75.4798908234
72.2111735344
57.151286602
67.9048333168
26.8551578522
86.9347558022
67.2281227112
59.1773171425
70.9971957207
69.8447370529
64.7345466614
48.8462018967
71.3745131493
79.6508889198
68.9547600746
75.3650550842
71.6246910095
27.90508461
67.2527303696
64.4228496552
59.4931154251
51.4218034744
51.6514749527
53.0869216919
52.3199830055
46.8939943314
51.2044358253
78.2892651558
28.8073654175
43.8549485207
49.7238750458
51.7088928223
49.9494452477
60.5061306953
40.9799537659
52.7383131981
50.1340026855
51.9180579185
48.673948288
52.3322868347
58.7794933319
45.0566225052
49.1866078377
48.7518725395
51.4628162384
51.1880307198
58.9517469406
44.4086208344
52.1518306732
50.437497139
49.8920273781
49.9453439713
50.8066120148
58.5662269592
43.8836574554
52.8695540428
50.3595728874
49.0799746513
52.1723370552
51.6022596359
48.8831133842
64.7673568726
38.5109853745
47.1195645332
54.2024688721
50.5236239433
52.0903115273
65.710650444
37.6661224365
47.1318683624
51.6186647415
51.159321785
50.6261558533
50.5441303253
49.6910648346
51.3889932632
51.6227660179
52.881857872
49.3998742104
55.8019666672
42.8870472908
52.9925923347
47.7060470581
53.1648459435
49.1578989029
50.9091439247
61.4043102264
41.898639679
50.1504077911
51.6432723999
73.1257581711
28.7048335075
50.7286877632
50.9911694527
50.2406358719
50.839422226
50.4333958626
50.7655992508
51.2126383781
52.1436281204
48.2638206482
52.8162374496
49.1578989029
53.6077837944
49.674659729
50.839422226
50.3431677818
48.9077210426
45.8481688499
53.4150238037
49.9617490768
50.0519771576
52.0739064217
49.1455950737
51.9426655769
51.0444860458
50.9788656235
50.9009413719
51.6186647415
51.5899558067
49.2030129433
50.6220545769
52.3938059807
50.8025107384
50.4333958626
50.0519771576
52.8285412788
56.2900185585
44.9458880424
53.7144169807
34.6024689674
61.5068421364
56.0603470802
53.3494033813
62.0071978569
59.9606609344
64.2916088104
52.8039336205
62.7331237793
44.3388991356
73.3226194382
53.1976561546
60.1903324127
61.5929689407
46.6602215767
67.5849337578
69.3074698448
69.6519770622
89.067419529
64.4392547607
74.9467248917
73.4743666649
66.4037661552
44.5890769958
75.8613095284
59.0296711922
69.5740528107
72.4326424599
61.8718557358
