66.7154631615
72.8591752052
51.499727726
72.3916296959
72.4900603294
72.9658083916
72.4900603294
72.4941616058
71.1735506058
70.5337514877
70.2794723511
53.4478340149
70.4066119194
72.3834271431
72.5228705406
72.8960866928
72.6171998978
10.9011926651
72.0143122673
70.2138519287
57.3973631859
71.9815020561
72.3957309723
72.4531488419
69.6232681274
72.7320356369
72.0594263077
66.2766265869
72.5023641586
62.1097297668
71.9486918449
70.103117466
70.9151701927
60.9736762047
72.5556807518
72.8386688232
57.6680474281
70.4271183014
72.5146679878
69.7873191833
72.0471224785
72.3793258667
72.0635275841
60.5881562233
72.0594263077
69.0818996429
72.0717301369
72.4244399071
71.1079301834
72.8058586121
72.5433769226
72.4449462891
59.6202549934
72.3752245903
65.4768776894
72.1701607704
72.4285411835
70.7921319008
72.0143122673
53.2099599838
71.6739063263
72.0635275841
72.4531488419
72.3793258667
64.988825798
72.3588194847
67.0394639969
72.4613513947
54.3214058876
72.3465156555
72.4285411835
72.4982628822
72.4695539474
72.4900603294
70.8618535995
59.8417239189
59.9032430649
61.3550949097
72.8017573357
72.4080348015
72.5228705406
72.526971817
56.6960449219
72.4490475655
68.4913158417
72.3793258667
71.1161327362
63.7502403259
72.4162373543
67.2199201584
72.4777565002
49.9576478004
67.8310103416
62.2737808228
72.9535045624
68.5938477516
70.9151701927
64.0824437141
60.5266370773
72.1701607704
72.3342118263
59.0788865089
72.4695539474
71.5631718636
72.5023641586
59.8335213661
72.7443394661
71.9691982269
65.1774845123
67.2978444099
72.4982628822
71.1366391182
48.1489849091
72.4039335251
68.2821507454
64.9150028229
65.4399662018
72.5925922394
72.0635275841
48.3581500053
54.7848501205
55.9250049591
50.1832180023
72.4121360779
67.5808324814
61.3509936333
65.3169279099
67.2445278168
69.8652434349
64.689432621
71.7272229195
61.2361578941
72.5638833046
72.4900603294
72.1045403481
66.6990580559
72.506465435
72.846871376
55.5312824249
64.2711024284
72.5105667114
57.0815649033
65.813182354
72.506465435
72.4326424599
67.2486290932
65.4399662018
58.5703282356
64.8124709129
65.0011296272
66.0346512794
61.6544880867
72.3055028915
72.5023641586
56.2777147293
72.4818577766
70.8659548759
69.4387106895
72.485959053
71.9815020561
72.4982628822
47.611717701
67.7243771553
72.846871376
67.0804767609
72.3096041679
72.3957309723
72.4982628822
52.4225149155
135.067335606
69.6929898262
72.5392756462
51.3930945396
59.9278507233
72.5433769226
68.6225566864
64.0660386086
67.4167814255
65.4481687546
64.7837619781
70.484536171
70.2343583107
72.4449462891
66.1289806366
72.4326424599
72.4162373543
50.4826111794
72.4941616058
72.5392756462
72.5146679878
72.3547182083
67.5726299286
72.3793258667
72.1004390717
59.6858754158
66.9574384689
68.1755175591
48.0013389587
51.7335004807
72.8919854164
59.0911903381
70.2015480995
70.9151701927
68.1591124535
72.4777565002
72.4572501183
63.2580871582
51.8319311142
69.0983047485
72.5761871338
72.908390522
69.2459506989
71.9732995033
45.2083697319
57.8895163536
67.474199295
72.485959053
72.3711233139
72.4244399071
72.1619582176
65.3989534378
60.6250677109
71.5016527176
72.526971817
72.12504673
68.4954171181
72.4941616058
65.0175347328
72.88788414
69.299267292
50.9378528595
72.4818577766
65.5712070465
72.5105667114
63.4139356613
72.5761871338
67.3634648323
57.832098484
72.4695539474
72.4654526711
70.7675242424
72.4367437363
71.6246910095
72.1783633232
69.5986604691
61.8759570122
64.9396104813
70.103117466
72.0717301369
72.4080348015
72.4080348015
72.8591752052
68.8276205063
57.8238959312
71.6123871803
72.8755803108
72.6992254257
72.4326424599
65.8500938416
72.485959053
67.8023014069
65.3784470558
82.2675032616
72.4982628822
55.067838192
68.6430630684
72.0799326897
72.4367437363
72.9206943512
66.0305500031
72.3957309723
59.255241394
71.9650969505
64.5294828415
72.4285411835
72.3629207611
61.9374761581
64.267001152
57.1225776672
72.4039335251
72.4777565002
65.390750885
72.4531488419
72.0020084381
63.4631509781
59.7063817978
72.4490475655
72.0717301369
72.4162373543
66.8261976242
72.0840339661
71.9568943977
70.9848918915
66.3258419037
58.1027827263
72.7648458481
72.4449462891
49.9043312073
72.4162373543
32.2606401443
63.7584428787
71.5590705872
40.094078064
71.2719812393
37.0304245949
71.4483361244
56.2777147293
72.5023641586
67.3511610031
72.88788414
69.8160281181
47.3656411171
70.3779029846
72.506465435
72.4941616058
69.3771915436
57.6393384933
72.4695539474
72.4490475655
72.4162373543
49.9371414185
71.6533999443
72.12504673
72.0348186493
72.5597820282
72.0594263077
72.526971817
68.1098971367
72.526971817
68.9957728386
72.4777565002
69.1106085777
72.547478199
71.6944127083
72.4490475655
72.4900603294
57.8608074188
72.3916296959
64.5622930527
72.9412007332
72.8919854164
72.5105667114
68.9670639038
72.8099598885
68.0155677795
54.046620369
72.5351743698
72.5351743698
72.5146679878
71.1284365654
72.588490963
72.949403286
56.9052100182
72.9001879692
67.8187065125
71.4114246368
72.0102109909
68.5323286057
72.846871376
39.753672123
71.6903114319
36.8950824738
51.2864613533
72.4900603294
63.3524165154
68.8440256119
63.1104412079
68.4667081833
72.0348186493
71.8953752518
72.4572501183
72.5146679878
72.5966935158
59.0460762978
72.4490475655
72.8960866928
72.3916296959
72.4777565002
70.722410202
72.526971817
72.5228705406
72.5228705406
71.7272229195
64.8616862297
72.5556807518
72.8837828636
65.452270031
72.7525420189
28.5325798988
60.5184345245
72.4490475655
59.4480013847
64.7140402794
72.7525420189
63.348315239
65.1733832359
55.367231369
72.5351743698
72.8017573357
68.0565805435
72.4367437363
72.7279343605
72.5433769226
52.9064655304
72.0430212021
70.2220544815
72.4900603294
72.4818577766
86.438501358
65.9649295807
72.5187692642
72.0102109909
71.9856033325
68.9834690094
55.129357338
72.4941616058
58.7630882263
54.9160909653
63.3155050278
53.7267208099
72.0717301369
65.2677125931
72.8632764816
72.0348186493
71.6082859039
72.5310730934
52.5455532074
72.5228705406
70.5460553169
69.5248374939
72.4326424599
72.4203386307
72.5187692642
66.4857916832
72.1414518356
57.5491104126
72.4244399071
72.567984581
72.3957309723
65.3989534378
72.145553112
71.7231216431
51.7704119682
64.8165721893
72.7607445717
71.5918807983
72.4736552238
72.4039335251
72.0799326897
72.867377758
71.1325378418
56.7780704498
71.5713744164
70.3081812859
72.8509726524
72.8755803108
69.7381038666
61.802134037
51.4669175148
72.4162373543
68.8891396523
72.5761871338
72.88788414
72.5966935158
72.8632764816
56.6673359871
72.5433769226
72.1168441772
72.4490475655
61.9579825401
71.9815020561
65.390750885
66.4816904068
64.9068002701
63.286796093
72.1619582176
62.7085161209
72.908390522
64.5786981583
72.4777565002
72.4941616058
61.1090183258
72.4039335251
72.3629207611
72.4654526711
72.547478199
65.0626487732
72.4490475655
57.0938687325
72.0020084381
71.9938058853
66.5719184875
72.3096041679
72.506465435
72.0881352425
72.0799326897
71.0751199722
51.9098553658
72.5228705406
71.887172699
68.6348605156
63.1063399315
61.2771706581
71.6492986679
44.7531280518
62.9586939812
68.0811882019
71.6821088791
72.9124917984
72.4326424599
63.9840130806
51.8442349434
28.8811883926
72.0717301369
72.4982628822
72.4695539474
55.1580662727
72.4982628822
65.7803721428
65.0011296272
71.7436280251
72.8304662704
69.38129282
72.5392756462
67.6792631149
59.7884073257
68.1755175591
65.2020921707
68.7414937019
72.4244399071
65.9854359627
72.9329981804
49.2645320892
72.1209454536
70.8413472176
72.0963377953
72.4531488419
61.5765638351
72.5556807518
59.2183299065
72.5310730934
64.8124709129
70.5993719101
64.2793049812
72.8960866928
72.4777565002
72.4285411835
72.3916296959
52.2256536484
72.5105667114
110.726260185
72.4941616058
72.5433769226
70.0908136368
72.485959053
72.6007947922
66.3422470093
72.4900603294
49.5844316483
72.4449462891
71.6575012207
72.4900603294
71.7764382362
69.0983047485
72.5392756462
59.677672863
56.449968338
72.4654526711
71.9568943977
72.0348186493
72.8140611649
72.4982628822
67.638250351
61.3879051208
60.0508890152
56.1423726082
68.8891396523
72.5023641586
59.9237494469
72.4695539474
72.9658083916
72.4203386307
52.2133498192
72.0389199257
72.0594263077
72.5187692642
71.2391710281
64.2382922173
71.403222084
63.8691773415
72.5310730934
63.8527722359
72.5925922394
70.8864612579
72.5105667114
72.7771496773
71.6903114319
59.0255699158
72.4080348015
72.4121360779
72.9329981804
62.1343374252
64.3941407204
72.0307173729
72.547478199
72.3957309723
72.4900603294
63.7338352203
70.2753710747
61.5109434128
72.4162373543
72.4654526711
66.4365763664
72.5351743698
72.8919854164
68.4790120125
72.3916296959
72.4941616058
55.8142704964
73.9870262146
72.4736552238
72.4490475655
72.1004390717
72.4982628822
72.0963377953
71.1612467766
71.1325378418
60.9367647171
72.3588194847
69.340280056
68.5897464752
72.5228705406
72.5187692642
72.5515794754
68.5610375404
67.6464529037
54.0589241982
60.4446115494
72.4244399071
69.6273694038
69.3361787796
38.9006066322
72.3629207611
60.5225358009
72.4982628822
70.4066119194
72.4367437363
72.5638833046
68.659468174
72.4162373543
49.674659729
72.526971817
57.6557435989
57.1348814964
69.3320775032
72.485959053
72.9124917984
65.2882189751
72.1127429008
52.9392757416
68.4051890373
72.5392756462
72.5761871338
72.4162373543
72.5556807518
58.2709350586
55.4123454094
72.5023641586
72.3137054443
72.4900603294
71.526260376
68.5651388168
72.4244399071
72.4900603294
69.7258000374
53.4150238037
69.0942034721
70.1523327827
75.8982210159
72.4449462891
72.547478199
67.7776937485
51.9508681297
68.577442646
72.9863147736
72.4203386307
72.4818577766
71.3417029381
71.083322525
72.0102109909
71.9568943977
51.9180579185
72.3178067207
70.0374970436
65.4850802422
59.6612677574
72.4900603294
72.4490475655
38.8472900391
60.1780285835
72.4982628822
69.0818996429
72.5023641586
63.9388990402
69.1516213417
59.3413681984
72.506465435
72.4695539474
67.4865031242
61.0721068382
49.9822554588
62.3640089035
56.3802466393
68.6266579628
72.3670220375
56.3146262169
72.3752245903
62.3229961395
70.5747642517
64.6976351738
53.2509727478
58.4062771797
42.7517051697
66.0756640434
53.6898093224
68.5856451988
72.0717301369
72.6048960686
68.679974556
55.2031803131
72.4572501183
69.4879260063
72.485959053
60.2313451767
31.3624606133
65.3251304626
72.4941616058
72.0061097145
69.1434187889
67.9499473572
72.5187692642
58.5211129189
60.5102319717
71.7190203667
72.4941616058
73.7491521835
72.4449462891
72.5146679878
72.5392756462
70.103117466
55.367231369
72.4777565002
72.5515794754
69.6929898262
72.4203386307
72.9329981804
71.7231216431
54.686419487
72.506465435
64.1234564781
72.3793258667
70.5255489349
72.9165930748
72.4777565002
72.4736552238
72.0143122673
48.8421006203
58.0002508163
72.3875284195
67.7079720497
69.8078255653
53.5995812416
63.0817322731
72.0881352425
72.9001879692
72.4285411835
71.9650969505
72.588490963
72.5146679878
60.5143332481
64.0865449905
72.0143122673
71.5426654816
72.8386688232
72.4367437363
72.0266160965
72.0348186493
57.4875912666
72.4367437363
67.2937431335
68.0524792671
68.0975933075
71.5180578232
72.506465435
72.4613513947
63.9183926582
54.7151284218
71.6903114319
72.0307173729
72.5228705406
62.2286667824
65.5671057701
71.546766758
51.3643856049
62.3845152855
43.5350489616
72.1619582176
67.8884282112
53.6775054932
71.7026152611
56.8149819374
67.9212384224
72.5228705406
72.4572501183
63.3606190681
59.7884073257
72.4982628822
72.4613513947
68.8522281647
65.9649295807
61.0967144966
72.2029709816
52.1682357788
72.6007947922
72.5843896866
64.0455322266
72.9740109444
64.1767730713
72.5433769226
58.9271392822
72.8837828636
72.8181624413
72.4449462891
70.7470178604
68.0401754379
70.7716255188
53.9563922882
72.4736552238
68.979367733
62.16304636
66.3873610497
65.9198155403
72.485959053
52.561958313
73.7573547363
65.0585474968
72.4326424599
72.5843896866
62.2819833755
66.3996648788
58.0125546455
66.7400708199
72.7607445717
72.4449462891
71.0341072083
69.3976979256
72.4818577766
72.4326424599
70.8782587051
59.6858754158
72.4777565002
72.4367437363
66.1002717018
57.4096670151
72.8960866928
72.0471224785
60.0098762512
72.9370994568
72.4244399071
70.5993719101
72.3998322487
72.485959053
72.4449462891
69.3074698448
65.6122198105
63.8937849998
72.8017573357
72.9370994568
66.8261976242
72.5228705406
73.0314288139
66.3012342453
47.0293364525
72.3998322487
63.8404684067
72.3957309723
64.4638624191
69.8488383293
72.4982628822
55.5887002945
71.6616024971
71.4811463356
71.9486918449
67.5808324814
66.813893795
72.7730484009
50.9419541359
72.5392756462
72.4736552238
70.3532953262
72.485959053
72.5761871338
72.5761871338
72.3096041679
70.5378527641
53.9768986702
56.7575640678
68.1714162827
67.9540486336
72.5187692642
48.5755176544
72.1045403481
39.1220755577
51.5612468719
64.8575849533
53.9317846298
39.4378738403
66.1781959534
72.485959053
29.7383551598
37.4241471291
64.2628998756
72.4326424599
67.2527303696
51.7663106918
54.5264697075
53.1279344559
66.0838665962
58.7015690804
66.5514121056
56.8600959778
70.8905625343
72.3834271431
63.8773798943
72.4121360779
58.7507843971
70.9315752983
47.8331866264
60.8342328072
68.4379992485
72.3547182083
72.4408450127
72.5310730934
72.3506169319
42.5958566666
35.9107761383
72.3875284195
72.4613513947
72.9124917984
50.6671686172
64.7837619781
67.0599703789
66.5062980652
72.4654526711
70.6362833977
72.9124917984
54.6495079994
72.4613513947
72.4367437363
69.2213430405
63.2621884346
72.9001879692
72.8386688232
59.7843060493
64.5663943291
72.5105667114
72.485959053
65.2431049347
50.3062562943
70.2753710747
53.8702654839
72.9617071152
64.0168232918
72.5310730934
60.481523037
72.5187692642
72.8222637177
55.8388781548
72.4326424599
72.4203386307
72.4736552238
72.5310730934
71.9897046089
72.4121360779
70.9356765747
72.5802884102
62.6921110153
66.834400177
72.588490963
72.4777565002
64.2013807297
66.0674614906
72.1742620468
44.8228497505
69.4059004784
65.3538393974
63.9963169098
72.3670220375
64.3162164688
66.9779448509
