60.1370158195
71.8215522766
82.5012760162
48.1325798035
80.6310939789
70.4886374474
71.8994765282
74.1428747177
64.4515585899
82.8457832336
76.7266788483
73.9829249382
49.5967354774
74.1141657829
60.7891187668
83.272315979
69.1844315529
67.6710605621
33.0193762779
57.0569572449
67.6013388634
70.9028663635
77.7150864601
70.0867123604
64.5417866707
78.5845570564
59.0501775742
77.899643898
67.4167814255
75.3773589134
65.4030547142
71.7108178139
66.1617908478
46.9309058189
62.5485663414
63.3893280029
67.1255908012
63.4672522545
55.0760407448
72.2398824692
68.9096460342
73.0109224319
61.0023851395
51.2126383781
51.43820858
51.3151702881
51.2700562477
50.8353209496
51.0321822166
51.799120903
51.1060051918
51.5653481483
51.5817532539
47.4394640923
54.8176603317
64.1521654129
62.0112991333
72.9329981804
53.6241889
45.1755595207
63.2621884346
33.1834273338
66.854906559
55.5928015709
60.4446115494
56.9831342697
71.6657037735
71.9650969505
53.923582077
69.4838247299
74.1223683357
68.6266579628
75.0000414848
65.0790538788
62.5116548538
20.9329147339
67.6300477982
82.6202130318
65.6163210869
63.6969237328
52.3199830055
79.6549901962
73.1913785934
64.7550530434
60.317471981
73.1708722115
72.4408450127
75.2051053047
65.3743457794
57.8197946548
69.5412425995
74.4955844879
62.6510982513
70.5419540405
48.8544044495
60.2600541115
69.5330400467
61.4945383072
80.6146888733
71.6328935623
